   4.8457962e+02   1.3246885e+02   4.7874682e+02   1.5118704e+02   4.7283377e+02   1.7105098e+02   4.6670575e+02   1.9258761e+02   4.5977145e+02   2.1487782e+02   4.5291530e+02   2.3935235e+02   4.4554873e+02   2.6496283e+02   4.3798802e+02   2.9264908e+02   4.2934255e+02   3.2131250e+02   4.1949758e+02   3.5108456e+02
   4.6247662e+02   1.4034103e+02   4.5661463e+02   1.5892640e+02   4.5056803e+02   1.7884836e+02   4.4351185e+02   1.9924109e+02   4.3660872e+02   2.2156967e+02   4.2918270e+02   2.4503645e+02   4.2148025e+02   2.7002501e+02   4.1328698e+02   2.9648712e+02   4.0435187e+02   3.2400038e+02   3.9406702e+02   3.5245717e+02
   4.4227469e+02   1.4817317e+02   4.3621936e+02   1.6670243e+02   4.2922167e+02   1.8548074e+02   4.2215188e+02   2.0580780e+02   4.1435540e+02   2.2702991e+02   4.0707818e+02   2.5038467e+02   3.9865932e+02   2.7420671e+02   3.9040169e+02   2.9990013e+02   3.8104779e+02   3.2642409e+02   3.7080302e+02   3.5379013e+02
   4.2324859e+02   1.5583901e+02   4.1646487e+02   1.7351076e+02   4.0936956e+02   1.9227922e+02   4.0161481e+02   2.1171345e+02   3.9415436e+02   2.3302786e+02   3.8623482e+02   2.5527155e+02   3.7789811e+02   2.7856954e+02   3.6905915e+02   3.0310093e+02   3.5957696e+02   3.2857302e+02   3.4937976e+02   3.5497275e+02
   4.0486441e+02   1.6246932e+02   3.9780049e+02   1.7986494e+02   3.9039749e+02   1.9808763e+02   3.8263274e+02   2.1740361e+02   3.7461360e+02   2.3772098e+02   3.6719508e+02   2.5990969e+02   3.5818562e+02   2.8202216e+02   3.4920262e+02   3.0571779e+02   3.3983025e+02   3.3051324e+02   3.2969458e+02   3.5596499e+02
   3.8741543e+02   1.6876512e+02   3.8020968e+02   1.8583763e+02   3.7266876e+02   2.0385710e+02   3.6472499e+02   2.2268012e+02   3.5654007e+02   2.4260057e+02   3.4916262e+02   2.6410194e+02   3.4035315e+02   2.8580578e+02   3.3093578e+02   3.0849925e+02   3.2145191e+02   3.3224368e+02   3.1132084e+02   3.5672862e+02
   3.7155494e+02   1.7527496e+02   3.6420912e+02   1.9216042e+02   3.5641238e+02   2.0955160e+02   3.4826223e+02   2.2787023e+02   3.4006679e+02   2.4730319e+02   3.3252562e+02   2.6817119e+02   3.2349129e+02   2.8901549e+02   3.1424144e+02   3.1104695e+02   3.0456334e+02   3.3378059e+02   2.9470726e+02   3.5756356e+02
   3.5628320e+02   1.8150942e+02   3.4852896e+02   1.9779206e+02   3.4057532e+02   2.1481892e+02   3.3232559e+02   2.3265156e+02   3.2496351e+02   2.5190918e+02   3.1658291e+02   2.7168852e+02   3.0770845e+02   2.9227103e+02   2.9856855e+02   3.1354739e+02   2.8918140e+02   3.3557730e+02   2.7919494e+02   3.5834629e+02
   3.4177688e+02   1.8691256e+02   3.3383868e+02   2.0280968e+02   3.2615335e+02   2.1969455e+02   3.1805454e+02   2.3736896e+02   3.1023560e+02   2.5586938e+02   3.0129839e+02   2.7469491e+02   2.9267181e+02   2.9478138e+02   2.8353380e+02   3.1541651e+02   2.7424898e+02   3.3678207e+02   2.6412708e+02   3.5857000e+02
   3.2811622e+02   1.9241289e+02   3.2054965e+02   2.0840870e+02   3.1287046e+02   2.2482468e+02   3.0482834e+02   2.4221427e+02   2.9636635e+02   2.5983383e+02   2.8775910e+02   2.7834468e+02   2.7905713e+02   2.9758012e+02   2.6988490e+02   3.1755084e+02   2.6055665e+02   3.3805550e+02   2.5079107e+02   3.5935914e+02
