   4.3954440e+02   1.3717820e+02   4.3990790e+02   1.5881855e+02   4.3996216e+02   1.8032427e+02   4.4047005e+02   2.0227458e+02   4.4079397e+02   2.2390211e+02   4.4050448e+02   2.4569209e+02   4.4010554e+02   2.6728388e+02   4.4031396e+02   2.8889276e+02   4.4020562e+02   3.1025540e+02   4.3943760e+02   3.3142361e+02
   4.2771699e+02   1.3457252e+02   4.2876780e+02   1.5677067e+02   4.2866710e+02   1.7894272e+02   4.2885942e+02   2.0157896e+02   4.2947508e+02   2.2408452e+02   4.2920731e+02   2.4649329e+02   4.2878274e+02   2.6876764e+02   4.2848086e+02   2.9102830e+02   4.2867468e+02   3.1310876e+02   4.2835277e+02   3.3480815e+02
   4.1536235e+02   1.3180575e+02   4.1639734e+02   1.5473552e+02   4.1667149e+02   1.7756745e+02   4.1676051e+02   2.0103857e+02   4.1721840e+02   2.2416935e+02   4.1726409e+02   2.4739224e+02   4.1670382e+02   2.7035906e+02   4.1672950e+02   2.9341141e+02   4.1625597e+02   3.1602875e+02   4.1642981e+02   3.3851158e+02
   4.0181414e+02   1.2900933e+02   4.0315901e+02   1.5257113e+02   4.0370514e+02   1.7617880e+02   4.0383800e+02   2.0035281e+02   4.0417528e+02   2.2433028e+02   4.0415386e+02   2.4830920e+02   4.0405163e+02   2.7207222e+02   4.0364587e+02   2.9576954e+02   4.0371174e+02   3.1926840e+02   4.0328481e+02   3.4236886e+02
   3.8782427e+02   1.2579098e+02   3.8845749e+02   1.5040054e+02   3.8881175e+02   1.7496544e+02   3.8961608e+02   1.9965557e+02   3.9001792e+02   2.2443728e+02   3.9007629e+02   2.4933360e+02   3.8956627e+02   2.7378591e+02   3.9011416e+02   2.9843603e+02   3.8950836e+02   3.2256222e+02   3.8968488e+02   3.4650654e+02
   3.7264716e+02   1.2263690e+02   3.7358737e+02   1.4788889e+02   3.7323786e+02   1.7343417e+02   3.7337695e+02   1.9917047e+02   3.7372394e+02   2.2462957e+02   3.7384111e+02   2.5039057e+02   3.7425676e+02   2.7569021e+02   3.7426618e+02   3.0114109e+02   3.7440922e+02   3.2617876e+02   3.7443083e+02   3.5086191e+02
   3.5625905e+02   1.1938349e+02   3.5674378e+02   1.4555599e+02   3.5666440e+02   1.7167901e+02   3.5725887e+02   1.9843410e+02   3.5743474e+02   2.2482485e+02   3.5799670e+02   2.5144853e+02   3.5770090e+02   2.7766812e+02   3.5827365e+02   3.0393561e+02   3.5802932e+02   3.2968785e+02   3.5838706e+02   3.5535168e+02
   3.3849943e+02   1.1583536e+02   3.3914991e+02   1.4301778e+02   3.3893868e+02   1.7011942e+02   3.3955280e+02   1.9760562e+02   3.3983081e+02   2.2503047e+02   3.4021629e+02   2.5256457e+02   3.4009858e+02   2.7972908e+02   3.4021424e+02   3.0686712e+02   3.4043331e+02   3.3360439e+02   3.4051225e+02   3.6000390e+02
   3.1966190e+02   1.1222713e+02   3.1991982e+02   1.4033948e+02   3.1992864e+02   1.6842860e+02   3.2057125e+02   1.9677389e+02   3.2083209e+02   2.2528488e+02   3.2106139e+02   2.5375027e+02   3.2134535e+02   2.8196708e+02   3.2159118e+02   3.1014819e+02   3.2169458e+02   3.3776686e+02   3.2211831e+02   3.6502793e+02
   2.9919121e+02   1.0832404e+02   2.9991244e+02   1.3741954e+02   2.9951260e+02   1.6660731e+02   3.0004337e+02   1.9599096e+02   3.0053812e+02   2.2548632e+02   3.0086308e+02   2.5514827e+02   3.0137008e+02   2.8440774e+02   3.0181838e+02   3.1364703e+02   3.0235921e+02   3.4233550e+02   3.0263021e+02   3.7056663e+02
