   4.8494366e+02   1.8866748e+02   4.8365311e+02   2.0834331e+02   4.8231796e+02   2.2829567e+02   4.8075458e+02   2.4880817e+02   4.7918864e+02   2.6951179e+02   4.7738730e+02   2.9069949e+02   4.7553048e+02   3.1218890e+02   4.7358021e+02   3.3384074e+02   4.7145786e+02   3.5551437e+02   4.6945338e+02   3.7784612e+02
   4.6494753e+02   1.8931589e+02   4.6355940e+02   2.0854258e+02   4.6190311e+02   2.2829294e+02   4.6028899e+02   2.4845512e+02   4.5845651e+02   2.6886336e+02   4.5653363e+02   2.8973651e+02   4.5448264e+02   3.1087777e+02   4.5246138e+02   3.3238023e+02   4.5029916e+02   3.5372362e+02   4.4790034e+02   3.7562141e+02
   4.4549815e+02   1.8962781e+02   4.4376319e+02   2.0865994e+02   4.4208047e+02   2.2819210e+02   4.4022430e+02   2.4809714e+02   4.3820006e+02   2.6818205e+02   4.3617498e+02   2.8880860e+02   4.3396158e+02   3.0958765e+02   4.3177874e+02   3.3084416e+02   4.2946143e+02   3.5185159e+02   4.2720837e+02   3.7352559e+02
   4.2620479e+02   1.8987115e+02   4.2444135e+02   2.0875645e+02   4.2243374e+02   2.2790044e+02   4.2053327e+02   2.4761195e+02   4.1834759e+02   2.6746990e+02   4.1630295e+02   2.8783633e+02   4.1393691e+02   3.0837521e+02   4.1165610e+02   3.2937339e+02   4.0926318e+02   3.5013008e+02   4.0674655e+02   3.7135539e+02
   4.0749207e+02   1.9027957e+02   4.0549818e+02   2.0895066e+02   4.0353116e+02   2.2783963e+02   4.0137127e+02   2.4735142e+02   3.9928616e+02   2.6684364e+02   3.9687223e+02   2.8693730e+02   3.9456011e+02   3.0714664e+02   3.9213617e+02   3.2782825e+02   3.8940915e+02   3.4825506e+02   3.8705277e+02   3.6922321e+02
   3.8924484e+02   1.9076911e+02   3.8728460e+02   2.0925346e+02   3.8481543e+02   2.2768144e+02   3.8274731e+02   2.4696267e+02   3.8026773e+02   2.6617563e+02   3.7776845e+02   2.8579494e+02   3.7541834e+02   3.0580051e+02   3.7305230e+02   3.2618148e+02   3.7060255e+02   3.4642846e+02   3.6808403e+02   3.6698592e+02
   3.7165490e+02   1.9148677e+02   3.6932101e+02   2.0945469e+02   3.6707938e+02   2.2786508e+02   3.6453507e+02   2.4661525e+02   3.6207725e+02   2.6559995e+02   3.5950607e+02   2.8502682e+02   3.5701538e+02   3.0457532e+02   3.5440578e+02   3.2464678e+02   3.5187248e+02   3.4448068e+02   3.4957346e+02   3.6475536e+02
   3.5442080e+02   1.9207867e+02   3.5227069e+02   2.0998485e+02   3.4959708e+02   2.2796928e+02   3.4724106e+02   2.4651711e+02   3.4446834e+02   2.6513518e+02   3.4184333e+02   2.8419801e+02   3.3934463e+02   3.0348365e+02   3.3661467e+02   3.2321042e+02   3.3401447e+02   3.4262051e+02   3.3149487e+02   3.6258911e+02
   3.3782912e+02   1.9265790e+02   3.3535972e+02   2.1026785e+02   3.3300481e+02   2.2823710e+02   3.3032768e+02   2.4637273e+02   3.2757058e+02   2.6460105e+02   3.2473031e+02   2.8335782e+02   3.2225341e+02   3.0237210e+02   3.1949795e+02   3.2171393e+02   3.1659487e+02   3.4075246e+02   3.1419972e+02   3.6045275e+02
   3.2179124e+02   1.9342425e+02   3.1904096e+02   2.1052466e+02   3.1646492e+02   2.2822094e+02   3.1399087e+02   2.4623367e+02   3.1114715e+02   2.6422831e+02   3.0821549e+02   2.8251904e+02   3.0553920e+02   3.0125070e+02   3.0288467e+02   3.2032499e+02   3.0010459e+02   3.3907110e+02   2.9729829e+02   3.5831071e+02
