   3.2402324e+02   2.9746125e+02   3.2398339e+02   3.0752977e+02   3.2389976e+02   3.1761654e+02   3.2390020e+02   3.2783800e+02   3.2384449e+02   3.3805655e+02   3.2386688e+02   3.4833396e+02   3.2374846e+02   3.5853438e+02   3.2383248e+02   3.6873926e+02   3.2383981e+02   3.7898072e+02   3.2399189e+02   3.8933150e+02
   3.1392092e+02   2.9737164e+02   3.1381842e+02   3.0745498e+02   3.1375843e+02   3.1753658e+02   3.1366795e+02   3.2772165e+02   3.1366224e+02   3.3792220e+02   3.1357422e+02   3.4825509e+02   3.1360883e+02   3.5845983e+02   3.1353423e+02   3.6871958e+02   3.1363694e+02   3.7892631e+02   3.1354856e+02   3.8930528e+02
   3.0378046e+02   2.9723687e+02   3.0368602e+02   3.0734304e+02   3.0359003e+02   3.1746285e+02   3.0353444e+02   3.2761557e+02   3.0343958e+02   3.3777370e+02   3.0343636e+02   3.4813135e+02   3.0328220e+02   3.5836908e+02   3.0333872e+02   3.6864640e+02   3.0332144e+02   3.7886889e+02   3.0341152e+02   3.8926603e+02
   2.9366021e+02   2.9706038e+02   2.9353305e+02   3.0720262e+02   2.9345784e+02   3.1731101e+02   2.9332302e+02   3.2750250e+02   2.9327807e+02   3.3764993e+02   2.9313989e+02   3.4799017e+02   2.9309254e+02   3.5825441e+02   2.9292284e+02   3.6856897e+02   2.9303575e+02   3.7878968e+02   2.9290715e+02   3.8921259e+02
   2.8349630e+02   2.9682936e+02   2.8341811e+02   3.0703017e+02   2.8326498e+02   3.1715204e+02   2.8316852e+02   3.2738103e+02   2.8299623e+02   3.3753910e+02   2.8290951e+02   3.4780581e+02   2.8269142e+02   3.5814094e+02   2.8270391e+02   3.6844296e+02   2.8263190e+02   3.7873580e+02   2.8266670e+02   3.8916284e+02
   2.7344758e+02   2.9669376e+02   2.7328599e+02   3.0683612e+02   2.7313686e+02   3.1693899e+02   2.7291621e+02   3.2727092e+02   2.7281080e+02   3.3740026e+02   2.7262195e+02   3.4768345e+02   2.7259438e+02   3.5795428e+02   2.7250820e+02   3.6837870e+02   2.7248898e+02   3.7861448e+02   2.7240727e+02   3.8899108e+02
   2.6334508e+02   2.9662578e+02   2.6314861e+02   3.0665681e+02   2.6288986e+02   3.1683429e+02   2.6273219e+02   3.2709374e+02   2.6254902e+02   3.3731261e+02   2.6247655e+02   3.4752564e+02   2.6229654e+02   3.5781625e+02   2.6228713e+02   3.6828015e+02   2.6215815e+02   3.7846987e+02   2.6219016e+02   3.8875472e+02
   2.5328655e+02   2.9647397e+02   2.5303771e+02   3.0658410e+02   2.5277241e+02   3.1667199e+02   2.5256517e+02   3.2691476e+02   2.5243546e+02   3.3713823e+02   2.5222035e+02   3.4739624e+02   2.5215087e+02   3.5763894e+02   2.5192825e+02   3.6811089e+02   2.5189805e+02   3.7830980e+02   2.5172953e+02   3.8861862e+02
   2.4319180e+02   2.9633276e+02   2.4292037e+02   3.0641157e+02   2.4267597e+02   3.1655989e+02   2.4249968e+02   3.2672202e+02   2.4224782e+02   3.3689402e+02   2.4213163e+02   3.4720709e+02   2.4182626e+02   3.5747167e+02   2.4177062e+02   3.6786498e+02   2.4157879e+02   3.7812240e+02   2.4158603e+02   3.8845659e+02
   2.3322071e+02   2.9620166e+02   2.3277156e+02   3.0627304e+02   2.3258658e+02   3.1639655e+02   2.3238651e+02   3.2660620e+02   2.3218392e+02   3.3670070e+02   2.3180021e+02   3.4700088e+02   2.3171239e+02   3.5727556e+02   2.3151965e+02   3.6767096e+02   2.3145846e+02   3.7784702e+02   2.3126433e+02   3.8828318e+02
