   5.7274894e+02   1.9977438e+02   5.7292991e+02   2.1914231e+02   5.7304955e+02   2.3832888e+02   5.7323414e+02   2.5776331e+02   5.7313264e+02   2.7719566e+02   5.7322765e+02   2.9668563e+02   5.7299912e+02   3.1608405e+02   5.7284861e+02   3.3559605e+02   5.7242169e+02   3.5463332e+02   5.7196498e+02   3.7422373e+02
   5.5358745e+02   2.0075115e+02   5.5382289e+02   2.1963753e+02   5.5407989e+02   2.3873891e+02   5.5394817e+02   2.5766638e+02   5.5405079e+02   2.7698072e+02   5.5389247e+02   2.9594220e+02   5.5391143e+02   3.1523752e+02   5.5371076e+02   3.3421340e+02   5.5343391e+02   3.5334119e+02   5.5267068e+02   3.7224151e+02
   5.3518243e+02   2.0168036e+02   5.3546352e+02   2.2047055e+02   5.3540990e+02   2.3902853e+02   5.3545757e+02   2.5782414e+02   5.3528164e+02   2.7658599e+02   5.3549435e+02   2.9544902e+02   5.3523706e+02   3.1423914e+02   5.3514229e+02   3.3304349e+02   5.3476654e+02   3.5166336e+02   5.3428048e+02   3.7047561e+02
   5.1732293e+02   2.0274806e+02   5.1737855e+02   2.2106820e+02   5.1739865e+02   2.3947295e+02   5.1728444e+02   2.5779890e+02   5.1735750e+02   2.7645404e+02   5.1726632e+02   2.9475054e+02   5.1726906e+02   3.1334981e+02   5.1702310e+02   3.3171218e+02   5.1664945e+02   3.5026234e+02   5.1608433e+02   3.6852456e+02
   4.9992410e+02   2.0361039e+02   4.9995477e+02   2.2164845e+02   4.9986621e+02   2.3966893e+02   4.9981705e+02   2.5789186e+02   4.9971808e+02   2.7618398e+02   5.0004776e+02   2.9432290e+02   4.9965359e+02   3.1244984e+02   4.9948587e+02   3.3062300e+02   4.9924285e+02   3.4866644e+02   4.9871349e+02   3.6678819e+02
   4.8289696e+02   2.0452986e+02   4.8287135e+02   2.2227938e+02   4.8286656e+02   2.4007754e+02   4.8273020e+02   2.5788625e+02   4.8267671e+02   2.7588694e+02   4.8290958e+02   2.9363094e+02   4.8273864e+02   3.1159165e+02   4.8241876e+02   3.2945407e+02   4.8218487e+02   3.4731428e+02   4.8164646e+02   3.6501058e+02
   4.6671754e+02   2.0542037e+02   4.6672175e+02   2.2286070e+02   4.6659651e+02   2.4039031e+02   4.6646557e+02   2.5797134e+02   4.6633134e+02   2.7557384e+02   4.6664470e+02   2.9317182e+02   4.6636226e+02   3.1065274e+02   4.6605108e+02   3.2836314e+02   4.6567805e+02   3.4579917e+02   4.6541135e+02   3.6331916e+02
   4.5081693e+02   2.0640897e+02   4.5063509e+02   2.2350192e+02   4.5048120e+02   2.4072600e+02   4.5024790e+02   2.5807112e+02   4.5051182e+02   2.7542565e+02   4.5047936e+02   2.9258280e+02   4.5034556e+02   3.0994074e+02   4.5010390e+02   3.2726702e+02   4.4984944e+02   3.4449939e+02   4.4949868e+02   3.6160456e+02
   4.3554928e+02   2.0730269e+02   4.3530247e+02   2.2419046e+02   4.3519524e+02   2.4111883e+02   4.3503554e+02   2.5821168e+02   4.3510209e+02   2.7525450e+02   4.3472679e+02   2.9226142e+02   4.3471039e+02   3.0929996e+02   4.3455953e+02   3.2637533e+02   4.3439283e+02   3.4331203e+02   4.3391516e+02   3.6027741e+02
   4.2055129e+02   2.0814033e+02   4.2049937e+02   2.2475176e+02   4.2042855e+02   2.4143184e+02   4.2034860e+02   2.5824530e+02   4.2010876e+02   2.7499216e+02   4.1979768e+02   2.9165726e+02   4.1969747e+02   3.0846754e+02   4.1952622e+02   3.2533955e+02   4.1933665e+02   3.4196325e+02   4.1896620e+02   3.5861858e+02
