   4.5377511e+02   2.5863290e+02   4.5184429e+02   2.7364184e+02   4.4994975e+02   2.8881485e+02   4.4821021e+02   3.0426578e+02   4.4611390e+02   3.1961859e+02   4.4434702e+02   3.3522330e+02   4.4236173e+02   3.5083739e+02   4.4055251e+02   3.6661627e+02   4.3848341e+02   3.8231863e+02   4.3622436e+02   3.9807179e+02
   4.4036551e+02   2.5857201e+02   4.3853000e+02   2.7345069e+02   4.3677023e+02   2.8848514e+02   4.3465861e+02   3.0344549e+02   4.3283521e+02   3.1870083e+02   4.3080911e+02   3.3393069e+02   4.2905336e+02   3.4938757e+02   4.2713037e+02   3.6476062e+02   4.2507922e+02   3.8029160e+02   4.2264914e+02   3.9565110e+02
   4.2751151e+02   2.5859850e+02   4.2577995e+02   2.7337835e+02   4.2367949e+02   2.8791123e+02   4.2176796e+02   3.0276095e+02   4.1962443e+02   3.1766880e+02   4.1802203e+02   3.3272935e+02   4.1589475e+02   3.4781378e+02   4.1417706e+02   3.6309710e+02   4.1198840e+02   3.7823104e+02   4.0970256e+02   3.9344322e+02
   4.1516193e+02   2.5874018e+02   4.1316078e+02   2.7311450e+02   4.1120170e+02   2.8752269e+02   4.0902509e+02   3.0206597e+02   4.0723267e+02   3.1679733e+02   4.0531434e+02   3.3153658e+02   4.0346626e+02   3.4642615e+02   4.0145148e+02   3.6133734e+02   3.9936705e+02   3.7626712e+02   3.9708096e+02   3.9119062e+02
   4.0287574e+02   2.5867626e+02   4.0090933e+02   2.7281550e+02   3.9879214e+02   2.8702029e+02   3.9681793e+02   3.0136513e+02   3.9478810e+02   3.1578341e+02   3.9331552e+02   3.3042862e+02   3.9112909e+02   3.4492373e+02   3.8919985e+02   3.5962629e+02   3.8718874e+02   3.7432237e+02   3.8501558e+02   3.8900347e+02
   3.9098220e+02   2.5862903e+02   3.8893990e+02   2.7254722e+02   3.8696666e+02   2.8654523e+02   3.8488180e+02   3.0059342e+02   3.8291834e+02   3.1486812e+02   3.8145175e+02   3.2924447e+02   3.7942460e+02   3.4357129e+02   3.7729279e+02   3.5791841e+02   3.7531421e+02   3.7240869e+02   3.7315069e+02   3.8679587e+02
   3.7973212e+02   2.5868398e+02   3.7773208e+02   2.7243908e+02   3.7562753e+02   2.8619592e+02   3.7356408e+02   3.0002324e+02   3.7153390e+02   3.1401748e+02   3.7014564e+02   3.2811463e+02   3.6795547e+02   3.4217307e+02   3.6593098e+02   3.5634947e+02   3.6383681e+02   3.7049107e+02   3.6188582e+02   3.8469718e+02
   3.6867757e+02   2.5881703e+02   3.6653038e+02   2.7230130e+02   3.6442320e+02   2.8575277e+02   3.6225967e+02   2.9942808e+02   3.6066288e+02   3.1330263e+02   3.5885273e+02   3.2694298e+02   3.5688767e+02   3.4082588e+02   3.5488072e+02   3.5475228e+02   3.5295156e+02   3.6873266e+02   3.5085637e+02   3.8267772e+02
   3.5802673e+02   2.5885391e+02   3.5575975e+02   2.7205587e+02   3.5373968e+02   2.8540670e+02   3.5174300e+02   2.9880770e+02   3.4990930e+02   3.1241556e+02   3.4781768e+02   3.2584891e+02   3.4603359e+02   3.3958022e+02   3.4406911e+02   3.5334883e+02   3.4215233e+02   3.6705682e+02   3.3997544e+02   3.8075670e+02
   3.4761864e+02   2.5887108e+02   3.4563423e+02   2.7196682e+02   3.4368540e+02   2.8507177e+02   3.4169591e+02   2.9834668e+02   3.3960002e+02   3.1159149e+02   3.3756485e+02   3.2485761e+02   3.3568443e+02   3.3834611e+02   3.3367208e+02   3.5184211e+02   3.3172333e+02   3.6533490e+02   3.2966225e+02   3.7886093e+02
