   4.9283859e+02   3.0922375e+02   4.7213882e+02   3.1658083e+02   4.5230238e+02   3.2360504e+02   4.3293762e+02   3.3038961e+02   4.1449078e+02   3.3665004e+02   3.9657736e+02   3.4277056e+02   3.7945381e+02   3.4838613e+02   3.6293459e+02   3.5389649e+02   3.4732539e+02   3.5973393e+02   3.3213084e+02   3.6457785e+02
   4.8158444e+02   2.9737327e+02   4.6063602e+02   3.0527569e+02   4.4042356e+02   3.1278068e+02   4.2083919e+02   3.2006012e+02   4.0221345e+02   3.2684607e+02   3.8408927e+02   3.3331728e+02   3.6674303e+02   3.3938858e+02   3.5023770e+02   3.4502347e+02   3.3443018e+02   3.5092302e+02   3.1910368e+02   3.5625592e+02
   4.6982700e+02   2.8538463e+02   4.4846122e+02   2.9365787e+02   4.2798207e+02   3.0155767e+02   4.0815744e+02   3.0926092e+02   3.8925890e+02   3.1658349e+02   3.7084358e+02   3.2335962e+02   3.5347674e+02   3.2968847e+02   3.3670210e+02   3.3574871e+02   3.2088050e+02   3.4217378e+02   3.0560906e+02   3.4757485e+02
   4.5732415e+02   2.7329128e+02   4.3557629e+02   2.8164966e+02   4.1470979e+02   2.9032077e+02   3.9464795e+02   2.9791317e+02   3.7546924e+02   3.0581927e+02   3.5717297e+02   3.1266345e+02   3.3953131e+02   3.1957211e+02   3.2272007e+02   3.2604025e+02   3.0678525e+02   3.3266583e+02   2.9140052e+02   3.3836809e+02
   4.4396317e+02   2.5992841e+02   4.2179250e+02   2.6909580e+02   4.0077018e+02   2.7770969e+02   3.8041984e+02   2.8628975e+02   3.6125346e+02   2.9412152e+02   3.4265578e+02   3.0162731e+02   3.2510020e+02   3.0869022e+02   3.0808156e+02   3.1579287e+02   2.9196486e+02   3.2307526e+02   2.7669338e+02   3.2882627e+02
   4.2958905e+02   2.4575488e+02   4.0736059e+02   2.5537572e+02   3.8592092e+02   2.6527997e+02   3.6545533e+02   2.7374818e+02   3.4600944e+02   2.8280091e+02   3.2733118e+02   2.9107791e+02   3.0962000e+02   2.9857625e+02   2.9290066e+02   3.0535815e+02   2.7691096e+02   3.1239385e+02   2.6147026e+02   3.1866891e+02
   4.1446901e+02   2.3016845e+02   3.9178722e+02   2.4090078e+02   3.7032570e+02   2.5080512e+02   3.4953282e+02   2.6066905e+02   3.2995609e+02   2.6981769e+02   3.1130524e+02   2.7860621e+02   2.9355601e+02   2.8662902e+02   2.7659061e+02   2.9469889e+02   2.6084773e+02   3.0173413e+02   2.4583498e+02   3.0802749e+02
   3.9835523e+02   2.1408941e+02   3.7546728e+02   2.2492505e+02   3.5367945e+02   2.3599727e+02   3.3292692e+02   2.4619345e+02   3.1331843e+02   2.5628134e+02   2.9455959e+02   2.6541219e+02   2.7693007e+02   2.7387075e+02   2.5998529e+02   2.8243814e+02   2.4438437e+02   2.9031738e+02   2.2939310e+02   2.9697024e+02
   3.8128864e+02   1.9675404e+02   3.5818378e+02   2.0884030e+02   3.3633737e+02   2.1988076e+02   3.1551403e+02   2.3100767e+02   2.9579761e+02   2.4163760e+02   2.7712005e+02   2.5170149e+02   2.5952525e+02   2.6054002e+02   2.4272545e+02   2.6950848e+02   2.2714592e+02   2.7823436e+02   2.1234285e+02   2.8550059e+02
   3.6313535e+02   1.7822839e+02   3.3979118e+02   1.9161611e+02   3.1789804e+02   2.0367793e+02   2.9711060e+02   2.1502916e+02   2.7747753e+02   2.2637224e+02   2.5871925e+02   2.3720401e+02   2.4137337e+02   2.4668525e+02   2.2480218e+02   2.5599476e+02   2.0951873e+02   2.6511218e+02   1.9457612e+02   2.7338964e+02
