   4.2929039e+02   1.6727798e+02   4.4297380e+02   2.0061549e+02   4.5555879e+02   2.3117979e+02   4.6718432e+02   2.5909864e+02   4.7742856e+02   2.8548519e+02   4.8755595e+02   3.0941749e+02   4.9624745e+02   3.3114915e+02   5.0459974e+02   3.5085558e+02   5.1192173e+02   3.6978471e+02   5.1875590e+02   3.8797007e+02
   3.9205838e+02   1.7336205e+02   4.0692610e+02   2.0462661e+02   4.2060030e+02   2.3345918e+02   4.3287520e+02   2.6109639e+02   4.4458462e+02   2.8600652e+02   4.5506342e+02   3.0914739e+02   4.6504205e+02   3.3028416e+02   4.7406485e+02   3.4989450e+02   4.8242898e+02   3.6843597e+02   4.8983059e+02   3.8609483e+02
   3.5789957e+02   1.7827793e+02   3.7359398e+02   2.0791752e+02   3.8763515e+02   2.3642620e+02   4.0094752e+02   2.6256157e+02   4.1313362e+02   2.8737852e+02   4.2487326e+02   3.0911344e+02   4.3524090e+02   3.3000762e+02   4.4528712e+02   3.4890891e+02   4.5420908e+02   3.6705490e+02   4.6261547e+02   3.8427154e+02
   3.2647231e+02   1.8276910e+02   3.4223143e+02   2.1174145e+02   3.5686914e+02   2.3878409e+02   3.7052453e+02   2.6438966e+02   3.8378342e+02   2.8748299e+02   3.9592142e+02   3.0906281e+02   4.0735100e+02   3.2902056e+02   4.1768421e+02   3.4787910e+02   4.2741915e+02   3.6567820e+02   4.3634557e+02   3.8230260e+02
   2.9708318e+02   1.8772019e+02   3.1313313e+02   2.1549782e+02   3.2817913e+02   2.4162140e+02   3.4248045e+02   2.6584591e+02   3.5586791e+02   2.8863401e+02   3.6919174e+02   3.0878687e+02   3.8054839e+02   3.2879045e+02   3.9172771e+02   3.4719297e+02   4.0198930e+02   3.6423945e+02   4.1166587e+02   3.8035233e+02
   2.6964198e+02   1.9246250e+02   2.8596022e+02   2.1896740e+02   3.0148406e+02   2.4371100e+02   3.1601983e+02   2.6732751e+02   3.2982911e+02   2.8931698e+02   3.4352374e+02   3.0865142e+02   3.5566059e+02   3.2765640e+02   3.6707846e+02   3.4571907e+02   3.7789665e+02   3.6257433e+02   3.8791850e+02   3.7845556e+02
   2.4496401e+02   1.9623106e+02   2.6138282e+02   2.2153715e+02   2.7690279e+02   2.4556320e+02   2.9150821e+02   2.6834027e+02   3.0558200e+02   2.8955536e+02   3.1969049e+02   3.0825258e+02   3.3199424e+02   3.2700745e+02   3.4389638e+02   3.4457005e+02   3.5499923e+02   3.6094092e+02   3.6563839e+02   3.7635764e+02
   2.2183726e+02   1.9994588e+02   2.3806936e+02   2.2448375e+02   2.5352518e+02   2.4773871e+02   2.6828446e+02   2.6971399e+02   2.8329352e+02   2.8942916e+02   2.9689463e+02   3.0823008e+02   3.0966709e+02   3.2622939e+02   3.2183457e+02   3.4329215e+02   3.3352620e+02   3.5932065e+02   3.4431842e+02   3.7445036e+02
   2.0072924e+02   2.0399090e+02   2.1661304e+02   2.2761985e+02   2.3242387e+02   2.4966177e+02   2.4738053e+02   2.7051301e+02   2.6202877e+02   2.8985163e+02   2.7536716e+02   3.0873189e+02   2.8866813e+02   3.2618054e+02   3.0112346e+02   3.4272964e+02   3.1299429e+02   3.5835800e+02   3.2410349e+02   3.7348266e+02
   1.8067264e+02   2.0718563e+02   1.9725124e+02   2.2955618e+02   2.1283592e+02   2.5055899e+02   2.2794544e+02   2.7063589e+02   2.4208612e+02   2.8982885e+02   2.5569724e+02   3.0812030e+02   2.6893989e+02   3.2518841e+02   2.8156589e+02   3.4154660e+02   2.9353468e+02   3.5679532e+02   3.0484361e+02   3.7142325e+02
