   5.3595349e+02   8.0014561e+01   5.3904665e+02   1.1174946e+02   5.4206439e+02   1.4382401e+02   5.4472435e+02   1.7705982e+02   5.4728281e+02   2.1010824e+02   5.4944586e+02   2.4392944e+02   5.5135955e+02   2.7764715e+02   5.5311487e+02   3.1163924e+02   5.5456632e+02   3.4515900e+02   5.5577902e+02   3.7914698e+02
   5.0304483e+02   8.3062173e+01   5.0593520e+02   1.1421553e+02   5.0849178e+02   1.4620537e+02   5.1110774e+02   1.7862358e+02   5.1335250e+02   2.1152451e+02   5.1541548e+02   2.4476774e+02   5.1721655e+02   2.7830194e+02   5.1886574e+02   3.1178253e+02   5.2048123e+02   3.4521751e+02   5.2137611e+02   3.7855835e+02
   4.7086204e+02   8.5730182e+01   4.7326085e+02   1.1678492e+02   4.7570061e+02   1.4823604e+02   4.7792998e+02   1.8045566e+02   4.8011012e+02   2.1265171e+02   4.8204504e+02   2.4573301e+02   4.8366122e+02   2.7864401e+02   4.8536443e+02   3.1223987e+02   4.8667827e+02   3.4491893e+02   4.8792246e+02   3.7817648e+02
   4.3890844e+02   8.8507155e+01   4.4124820e+02   1.1921846e+02   4.4334452e+02   1.5026390e+02   4.4554971e+02   1.8207231e+02   4.4743211e+02   2.1405338e+02   4.4934727e+02   2.4659070e+02   4.5083593e+02   2.7928392e+02   4.5239807e+02   3.1233128e+02   4.5370591e+02   3.4474781e+02   4.5470198e+02   3.7734552e+02
   4.0799736e+02   9.1392317e+01   4.0986060e+02   1.2186435e+02   4.1194523e+02   1.5239300e+02   4.1377315e+02   1.8383028e+02   4.1571598e+02   2.1535497e+02   4.1729560e+02   2.4755205e+02   4.1879967e+02   2.7963843e+02   4.2020544e+02   3.1237656e+02   4.2127747e+02   3.4449812e+02   4.2247170e+02   3.7665499e+02
   3.7762141e+02   9.4737251e+01   3.7959341e+02   1.2451240e+02   3.8103645e+02   1.5453380e+02   3.8294519e+02   1.8557318e+02   3.8436758e+02   2.1664086e+02   3.8578843e+02   2.4837979e+02   3.8734317e+02   2.8028236e+02   3.8873985e+02   3.1227917e+02   3.9019327e+02   3.4394057e+02   3.9127602e+02   3.7562187e+02
   3.4855428e+02   9.8206137e+01   3.4976476e+02   1.2734180e+02   3.5136581e+02   1.5706970e+02   3.5263092e+02   1.8747482e+02   3.5401179e+02   2.1812325e+02   3.5533820e+02   2.4937615e+02   3.5664201e+02   2.8059317e+02   3.5796477e+02   3.1247294e+02   3.5929055e+02   3.4339123e+02   3.6065219e+02   3.7447313e+02
   3.2004440e+02   1.0154166e+02   3.2151631e+02   1.3040145e+02   3.2240057e+02   1.5952654e+02   3.2371170e+02   1.8948839e+02   3.2465336e+02   2.1955216e+02   3.2585947e+02   2.5025665e+02   3.2722664e+02   2.8098899e+02   3.2842230e+02   3.1222577e+02   3.2960025e+02   3.4266378e+02   3.3090129e+02   3.7324267e+02
   2.9279065e+02   1.0490447e+02   2.9364696e+02   1.3325386e+02   2.9490449e+02   1.6218259e+02   2.9571695e+02   1.9145063e+02   2.9659500e+02   2.2098634e+02   2.9748109e+02   2.5107932e+02   2.9874388e+02   2.8130942e+02   3.0001650e+02   3.1191619e+02   3.0085445e+02   3.4180202e+02   3.0238419e+02   3.7194174e+02
   2.6654401e+02   1.0853901e+02   2.6697337e+02   1.3616947e+02   2.6774920e+02   1.6453516e+02   2.6887996e+02   1.9345238e+02   2.6948063e+02   2.2245866e+02   2.7019883e+02   2.5187471e+02   2.7134060e+02   2.8152511e+02   2.7263356e+02   3.1154844e+02   2.7362779e+02   3.4086947e+02   2.7466695e+02   3.7052449e+02
