   5.2056270e+02   8.7201902e+01   5.2259501e+02   1.2151919e+02   5.2454111e+02   1.5632216e+02   5.2607290e+02   1.9220679e+02   5.2734552e+02   2.2808257e+02   5.2841436e+02   2.6462983e+02   5.2913773e+02   3.0103726e+02   5.2980583e+02   3.3759863e+02   5.3050870e+02   3.7354342e+02   5.3047366e+02   4.0981501e+02
   4.8550027e+02   8.7881035e+01   4.8741692e+02   1.2206279e+02   4.8886182e+02   1.5702853e+02   4.9038715e+02   1.9268279e+02   4.9151560e+02   2.2863534e+02   4.9255036e+02   2.6508459e+02   4.9343917e+02   3.0169065e+02   4.9380580e+02   3.3825760e+02   4.9453679e+02   3.7450012e+02   4.9462234e+02   4.1069567e+02
   4.5064972e+02   8.8310972e+01   4.5201133e+02   1.2259004e+02   4.5339647e+02   1.5753909e+02   4.5450976e+02   1.9326114e+02   4.5569961e+02   2.2908680e+02   4.5654182e+02   2.6565275e+02   4.5718068e+02   3.0216512e+02   4.5767541e+02   3.3903192e+02   4.5835025e+02   3.7516124e+02   4.5861873e+02   4.1145705e+02
   4.1539945e+02   8.8689098e+01   4.1652595e+02   1.2311464e+02   4.1760469e+02   1.5792017e+02   4.1865600e+02   1.9362434e+02   4.1958237e+02   2.2954247e+02   4.2031542e+02   2.6617666e+02   4.2080543e+02   3.0268720e+02   4.2138036e+02   3.3964848e+02   4.2196249e+02   3.7572897e+02   4.2219749e+02   4.1188800e+02
   3.8024993e+02   8.9561173e+01   3.8097478e+02   1.2393471e+02   3.8189493e+02   1.5858740e+02   3.8260747e+02   1.9430357e+02   3.8348542e+02   2.3015833e+02   3.8389318e+02   2.6664785e+02   3.8445055e+02   3.0303717e+02   3.8492930e+02   3.4001230e+02   3.8549455e+02   3.7629673e+02   3.8581935e+02   4.1222024e+02
   3.4499250e+02   9.0864491e+01   3.4573459e+02   1.2496001e+02   3.4621744e+02   1.5934624e+02   3.4686799e+02   1.9505066e+02   3.4732279e+02   2.3067829e+02   3.4780419e+02   2.6717423e+02   3.4836602e+02   3.0364317e+02   3.4879541e+02   3.4027775e+02   3.4953040e+02   3.7621781e+02   3.5002638e+02   4.1212220e+02
   3.1032225e+02   9.2632686e+01   3.1042741e+02   1.2619371e+02   3.1082081e+02   1.6064866e+02   3.1103219e+02   1.9585614e+02   3.1140354e+02   2.3148827e+02   3.1171275e+02   2.6768364e+02   3.1219039e+02   3.0397767e+02   3.1274074e+02   3.4068371e+02   3.1341656e+02   3.7623468e+02   3.1411472e+02   4.1164074e+02
   2.7580820e+02   9.4169906e+01   2.7616204e+02   1.2803035e+02   2.7588843e+02   1.6200984e+02   2.7615085e+02   1.9710510e+02   2.7608520e+02   2.3225656e+02   2.7632904e+02   2.6821351e+02   2.7674004e+02   3.0412182e+02   2.7731167e+02   3.4049492e+02   2.7792107e+02   3.7583341e+02   2.7872011e+02   4.1110967e+02
   2.4228875e+02   9.6016266e+01   2.4198291e+02   1.2948257e+02   2.4208960e+02   1.6367099e+02   2.4176609e+02   1.9822517e+02   2.4165994e+02   2.3312858e+02   2.4163289e+02   2.6859079e+02   2.4214321e+02   3.0419845e+02   2.4268520e+02   3.4017453e+02   2.4309835e+02   3.7531125e+02   2.4406341e+02   4.1036717e+02
   2.0933730e+02   9.8323547e+01   2.0861809e+02   1.3116826e+02   2.0834108e+02   1.6499101e+02   2.0843697e+02   1.9949887e+02   2.0799711e+02   2.3390423e+02   2.0780635e+02   2.6902656e+02   2.0819558e+02   3.0417441e+02   2.0893527e+02   3.3979378e+02   2.0939315e+02   3.7442877e+02   2.0997613e+02   4.0953979e+02
