   4.9928790e+02   9.7699739e+01   5.0069574e+02   1.3072395e+02   5.0197324e+02   1.6420221e+02   5.0298534e+02   1.9859366e+02   5.0382110e+02   2.3303561e+02   5.0446624e+02   2.6796927e+02   5.0471875e+02   3.0280792e+02   5.0495267e+02   3.3781386e+02   5.0525522e+02   3.7236762e+02   5.0503624e+02   4.0718389e+02
   4.6545908e+02   9.8318237e+01   4.6669315e+02   1.3114050e+02   4.6767757e+02   1.6459292e+02   4.6867369e+02   1.9876373e+02   4.6940755e+02   2.3320391e+02   4.6993149e+02   2.6810195e+02   4.7016987e+02   3.0302395e+02   4.7026831e+02   3.3797742e+02   4.7056205e+02   3.7260000e+02   4.7032537e+02   4.0730744e+02
   4.3179754e+02   9.8626628e+01   4.3265160e+02   1.3150314e+02   4.3357188e+02   1.6479151e+02   4.3428380e+02   1.9895235e+02   4.3491307e+02   2.3325565e+02   4.3534441e+02   2.6823708e+02   4.3550012e+02   3.0311391e+02   4.3559065e+02   3.3824059e+02   4.3576284e+02   3.7269172e+02   4.3568277e+02   4.0739480e+02
   3.9802428e+02   9.8903605e+01   3.9867965e+02   1.3177047e+02   3.9930850e+02   1.6500200e+02   3.9981039e+02   1.9912684e+02   4.0025294e+02   2.3340271e+02   4.0051772e+02   2.6830664e+02   4.0065764e+02   3.0311569e+02   4.0077591e+02   3.3839232e+02   4.0093866e+02   3.7270201e+02   4.0077051e+02   4.0714962e+02
   3.6447715e+02   9.9514386e+01   3.6472160e+02   1.3241125e+02   3.6518503e+02   1.6544015e+02   3.6542876e+02   1.9949870e+02   3.6575587e+02   2.3364747e+02   3.6578035e+02   2.6840410e+02   3.6594312e+02   3.0302105e+02   3.6606684e+02   3.3810493e+02   3.6617487e+02   3.7262591e+02   3.6620877e+02   4.0685898e+02
   3.3088159e+02   1.0061889e+02   3.3122161e+02   1.3320674e+02   3.3118317e+02   1.6596064e+02   3.3141478e+02   1.9990571e+02   3.3137295e+02   2.3382455e+02   3.3144068e+02   2.6847271e+02   3.3158258e+02   3.0314884e+02   3.3165473e+02   3.3786542e+02   3.3204125e+02   3.7202115e+02   3.3218508e+02   4.0622191e+02
   2.9806540e+02   1.0211214e+02   2.9772187e+02   1.3412341e+02   2.9766381e+02   1.6694852e+02   2.9745492e+02   2.0044535e+02   2.9738767e+02   2.3429929e+02   2.9735196e+02   2.6858847e+02   2.9737440e+02   3.0295793e+02   2.9753938e+02   3.3774580e+02   2.9779642e+02   3.7147823e+02   2.9822519e+02   4.0517879e+02
   2.6544697e+02   1.0341026e+02   2.6533136e+02   1.3559457e+02   2.6470022e+02   1.6793438e+02   2.6451586e+02   2.0130125e+02   2.6406668e+02   2.3459650e+02   2.6393721e+02   2.6864958e+02   2.6401667e+02   3.0265535e+02   2.6413693e+02   3.3714173e+02   2.6438400e+02   3.7059204e+02   2.6480993e+02   4.0413473e+02
   2.3373516e+02   1.0498037e+02   2.3318348e+02   1.3674383e+02   2.3284687e+02   1.6928232e+02   2.3224057e+02   2.0201590e+02   2.3169666e+02   2.3510244e+02   2.3135248e+02   2.6864488e+02   2.3143713e+02   3.0236367e+02   2.3158538e+02   3.3639823e+02   2.3159060e+02   3.6964889e+02   2.3217099e+02   4.0289134e+02
   2.0271773e+02   1.0679691e+02   2.0169126e+02   1.3815803e+02   2.0110228e+02   1.7020485e+02   2.0081939e+02   2.0288621e+02   2.0007836e+02   2.3550960e+02   1.9951972e+02   2.6868860e+02   1.9955910e+02   3.0190794e+02   1.9989354e+02   3.3561835e+02   1.9995033e+02   3.6838454e+02   2.0020871e+02   4.0164500e+02
