   4.4269437e+02   2.5497056e+02   4.4343128e+02   2.6845360e+02   4.4405957e+02   2.8192958e+02   4.4465282e+02   2.9559613e+02   4.4529283e+02   3.0923302e+02   4.4578404e+02   3.2295162e+02   4.4634226e+02   3.3658298e+02   4.4684780e+02   3.5037773e+02   4.4738799e+02   3.6391111e+02   4.4795144e+02   3.7771635e+02
   4.2940807e+02   2.5574254e+02   4.2998208e+02   2.6919075e+02   4.3057381e+02   2.8260566e+02   4.3117615e+02   2.9623575e+02   4.3169000e+02   3.0973643e+02   4.3225901e+02   3.2342770e+02   4.3268760e+02   3.3713753e+02   4.3327829e+02   3.5072156e+02   4.3374732e+02   3.6436540e+02   4.3419971e+02   3.7802071e+02
   4.1610086e+02   2.5648632e+02   4.1662907e+02   2.6981612e+02   4.1723342e+02   2.8329166e+02   4.1768977e+02   2.9674121e+02   4.1823375e+02   3.1028311e+02   4.1870267e+02   3.2388756e+02   4.1919373e+02   3.3747697e+02   4.1967742e+02   3.5121409e+02   4.2018556e+02   3.6464784e+02   4.2068661e+02   3.7836091e+02
   4.0275925e+02   2.5721827e+02   4.0336871e+02   2.7050914e+02   4.0378087e+02   2.8381081e+02   4.0438068e+02   2.9736753e+02   4.0475832e+02   3.1072939e+02   4.0534564e+02   3.2437756e+02   4.0570420e+02   3.3781426e+02   4.0621847e+02   3.5152189e+02   4.0667759e+02   3.6499352e+02   4.0709379e+02   3.7859145e+02
   3.8957713e+02   2.5781730e+02   3.9016415e+02   2.7122054e+02   3.9061523e+02   2.8442361e+02   3.9114941e+02   2.9785465e+02   3.9154297e+02   3.1125375e+02   3.9199953e+02   3.2475399e+02   3.9244349e+02   3.3821559e+02   3.9284579e+02   3.5178493e+02   3.9322064e+02   3.6530718e+02   3.9368624e+02   3.7879814e+02
   3.7658862e+02   2.5862377e+02   3.7712181e+02   2.7178892e+02   3.7748837e+02   2.8504685e+02   3.7795124e+02   2.9842210e+02   3.7840576e+02   3.1168253e+02   3.7872376e+02   3.2519359e+02   3.7922038e+02   3.3860058e+02   3.7966380e+02   3.5214695e+02   3.8018281e+02   3.6549812e+02   3.8051591e+02   3.7893809e+02
   3.6367938e+02   2.5942493e+02   3.6412333e+02   2.7249376e+02   3.6453413e+02   2.8562211e+02   3.6489767e+02   2.9893401e+02   3.6530245e+02   3.1220365e+02   3.6564721e+02   3.2556070e+02   3.6607276e+02   3.3890465e+02   3.6651847e+02   3.5247294e+02   3.6685768e+02   3.6562404e+02   3.6747088e+02   3.7902603e+02
   3.5091660e+02   2.6017263e+02   3.5142524e+02   2.7322279e+02   3.5166488e+02   2.8629588e+02   3.5212006e+02   2.9947027e+02   3.5242026e+02   3.1260534e+02   3.5269747e+02   3.2589251e+02   3.5318531e+02   3.3923929e+02   3.5351583e+02   3.5261118e+02   3.5392138e+02   3.6574476e+02   3.5433212e+02   3.7913946e+02
   3.3836252e+02   2.6079283e+02   3.3866183e+02   2.7376383e+02   3.3913462e+02   2.8683580e+02   3.3943372e+02   2.9994636e+02   3.3962407e+02   3.1305848e+02   3.3996958e+02   3.2628579e+02   3.4038217e+02   3.3946224e+02   3.4073385e+02   3.5278318e+02   3.4101415e+02   3.6585309e+02   3.4155074e+02   3.7919060e+02
   3.2594335e+02   2.6156214e+02   3.2615262e+02   2.7441768e+02   3.2647502e+02   2.8742142e+02   3.2684542e+02   3.0047820e+02   3.2711521e+02   3.1345586e+02   3.2732613e+02   3.2655113e+02   3.2766238e+02   3.3964881e+02   3.2807822e+02   3.5295116e+02   3.2846502e+02   3.6594560e+02   3.2868450e+02   3.7919310e+02
