   4.8219995e+02   2.3918410e+02   4.8572999e+02   2.4819999e+02   4.8960452e+02   2.5814955e+02   4.9376012e+02   2.6945521e+02   4.9836724e+02   2.8118128e+02   5.0344377e+02   2.9506276e+02   5.0857655e+02   3.1005415e+02   5.1444904e+02   3.2741269e+02   5.2070354e+02   3.4569485e+02   5.2804348e+02   3.6547252e+02
   4.5838135e+02   2.3974137e+02   4.6097491e+02   2.4932159e+02   4.6378724e+02   2.5983436e+02   4.6679646e+02   2.7040410e+02   4.7013409e+02   2.8294296e+02   4.7363292e+02   2.9654323e+02   4.7752920e+02   3.1185522e+02   4.8167326e+02   3.2887664e+02   4.8638746e+02   3.4741085e+02   4.9144696e+02   3.6696705e+02
   4.3451782e+02   2.4115694e+02   4.3618647e+02   2.5102846e+02   4.3788752e+02   2.6066444e+02   4.3980091e+02   2.7181361e+02   4.4186695e+02   2.8358174e+02   4.4425505e+02   2.9816973e+02   4.4646534e+02   3.1286063e+02   4.4908077e+02   3.3034257e+02   4.5184404e+02   3.4875394e+02   4.5510743e+02   3.6864079e+02
   4.1060138e+02   2.4273159e+02   4.1127505e+02   2.5202364e+02   4.1188329e+02   2.6213077e+02   4.1262623e+02   2.7273552e+02   4.1352529e+02   2.8550800e+02   4.1442903e+02   2.9947689e+02   4.1540349e+02   3.1466720e+02   4.1632774e+02   3.3158097e+02   4.1734724e+02   3.5010658e+02   4.1838020e+02   3.7022617e+02
   3.8680237e+02   2.4349936e+02   3.8650751e+02   2.5279822e+02   3.8615690e+02   2.6272382e+02   3.8568647e+02   2.7381875e+02   3.8536169e+02   2.8611372e+02   3.8505932e+02   3.0091534e+02   3.8444761e+02   3.1542139e+02   3.8384084e+02   3.3243460e+02   3.8313494e+02   3.5111399e+02   3.8233502e+02   3.7133840e+02
   3.6303344e+02   2.4428047e+02   3.6171751e+02   2.5353548e+02   3.6037081e+02   2.6379718e+02   3.5880399e+02   2.7486797e+02   3.5721179e+02   2.8727473e+02   3.5557182e+02   3.0217204e+02   3.5366765e+02   3.1710056e+02   3.5144141e+02   3.3351546e+02   3.4905448e+02   3.5190238e+02   3.4628759e+02   3.7198195e+02
   3.3960527e+02   2.4573890e+02   3.3738637e+02   2.5527445e+02   3.3491674e+02   2.6531020e+02   3.3233180e+02   2.7624720e+02   3.2951065e+02   2.8858477e+02   3.2675631e+02   3.0349407e+02   3.2336132e+02   3.1814934e+02   3.1964704e+02   3.3455036e+02   3.1553743e+02   3.5266676e+02   3.1106181e+02   3.7286400e+02
   3.1620297e+02   2.4731905e+02   3.1286323e+02   2.5645798e+02   3.0953527e+02   2.6639139e+02   3.0574328e+02   2.7723912e+02   3.0229235e+02   2.9042765e+02   2.9806773e+02   3.0438477e+02   2.9330604e+02   3.1936743e+02   2.8825088e+02   3.3571387e+02   2.8272617e+02   3.5370405e+02   2.7656286e+02   3.7351200e+02
   2.9336762e+02   2.4826204e+02   2.8924546e+02   2.5723592e+02   2.8490059e+02   2.6748368e+02   2.8029398e+02   2.7864073e+02   2.7534270e+02   2.9150260e+02   2.6980135e+02   3.0442550e+02   2.6406593e+02   3.1959428e+02   2.5764887e+02   3.3572697e+02   2.5062218e+02   3.5378212e+02   2.4276113e+02   3.7285233e+02
   2.7060391e+02   2.4943183e+02   2.6574731e+02   2.5915848e+02   2.6062892e+02   2.6942640e+02   2.5504403e+02   2.8072453e+02   2.4888345e+02   2.9264797e+02   2.4239297e+02   3.0587018e+02   2.3536630e+02   3.2055764e+02   2.2758833e+02   3.3661719e+02   2.1923392e+02   3.5409028e+02   2.0975249e+02   3.7357376e+02
