   5.2005260e+02   1.5108321e+02   5.2284475e+02   1.7854417e+02   5.2539235e+02   2.0476190e+02   5.2751708e+02   2.2991508e+02   5.2954207e+02   2.5432184e+02   5.3134488e+02   2.7731946e+02   5.3265913e+02   2.9923765e+02   5.3379755e+02   3.1989655e+02   5.3479670e+02   3.3996190e+02   5.3590794e+02   3.5959882e+02
   4.9107163e+02   1.5592575e+02   4.9438939e+02   1.8290970e+02   4.9734576e+02   2.0871046e+02   5.0024410e+02   2.3391506e+02   5.0268192e+02   2.5779346e+02   5.0491987e+02   2.8056239e+02   5.0687387e+02   3.0228886e+02   5.0857135e+02   3.2295124e+02   5.1023688e+02   3.4292124e+02   5.1162798e+02   3.6241086e+02
   4.6225639e+02   1.6045440e+02   4.6607199e+02   1.8707518e+02   4.6974659e+02   2.1290035e+02   4.7309777e+02   2.3771002e+02   4.7620449e+02   2.6169097e+02   4.7885555e+02   2.8391310e+02   4.8139486e+02   3.0561979e+02   4.8356860e+02   3.2600111e+02   4.8566375e+02   3.4577311e+02   4.8768890e+02   3.6507438e+02
   4.3359629e+02   1.6497054e+02   4.3807817e+02   1.9144535e+02   4.4219385e+02   2.1700724e+02   4.4604319e+02   2.4167068e+02   4.4961620e+02   2.6509939e+02   4.5286056e+02   2.8731910e+02   4.5591886e+02   3.0857442e+02   4.5863604e+02   3.2900488e+02   4.6126906e+02   3.4863892e+02   4.6359679e+02   3.6754679e+02
   4.0556606e+02   1.6966499e+02   4.1045378e+02   1.9590415e+02   4.1504889e+02   2.2127218e+02   4.1940609e+02   2.4556281e+02   4.2348815e+02   2.6891176e+02   4.2737833e+02   2.9055705e+02   4.3079716e+02   3.1189836e+02   4.3420511e+02   3.3216083e+02   4.3721927e+02   3.5136732e+02   4.4015070e+02   3.7007502e+02
   3.7760298e+02   1.7449968e+02   3.8297807e+02   2.0039525e+02   3.8807417e+02   2.2528867e+02   3.9282747e+02   2.4940332e+02   3.9746060e+02   2.7249371e+02   4.0177213e+02   2.9366077e+02   4.0584820e+02   3.1465918e+02   4.0963044e+02   3.3485565e+02   4.1324716e+02   3.5406406e+02   4.1656410e+02   3.7251785e+02
   3.5033535e+02   1.7885843e+02   3.5604032e+02   2.0442636e+02   3.6156059e+02   2.2914227e+02   3.6676322e+02   2.5299673e+02   3.7177859e+02   2.7572022e+02   3.7684902e+02   2.9666206e+02   3.8129136e+02   3.1754678e+02   3.8557613e+02   3.3759382e+02   3.8959971e+02   3.5656204e+02   3.9349067e+02   3.7465196e+02
   3.2328773e+02   1.8350340e+02   3.2935735e+02   2.0881708e+02   3.3526186e+02   2.3331126e+02   3.4086613e+02   2.5683252e+02   3.4663226e+02   2.7870254e+02   3.5190179e+02   2.9983203e+02   3.5687999e+02   3.2041078e+02   3.6168699e+02   3.4005753e+02   3.6640916e+02   3.5877564e+02   3.7067232e+02   3.7681556e+02
   2.9729989e+02   1.8837336e+02   3.0361170e+02   2.1337003e+02   3.0997006e+02   2.3728093e+02   3.1609144e+02   2.6028067e+02   3.2212219e+02   2.8210924e+02   3.2762519e+02   3.0341510e+02   3.3324497e+02   3.2350649e+02   3.3854508e+02   3.4298803e+02   3.4357453e+02   3.6151001e+02   3.4839927e+02   3.7955877e+02
   2.7152073e+02   1.9280634e+02   2.7846302e+02   2.1725522e+02   2.8518061e+02   2.4054760e+02   2.9167753e+02   2.6326501e+02   2.9792308e+02   2.8508834e+02   3.0388056e+02   3.0600053e+02   3.0982991e+02   3.2594371e+02   3.1553035e+02   3.4536415e+02   3.2102173e+02   3.6366605e+02   3.2626020e+02   3.8140194e+02
