   5.1634014e+02   2.4842434e+02   4.9330967e+02   2.6443619e+02   4.7018619e+02   2.8050898e+02   4.4653544e+02   2.9676057e+02   4.2306992e+02   3.1278102e+02   3.9927863e+02   3.2880763e+02   3.7558148e+02   3.4456645e+02   3.5210169e+02   3.6021836e+02   3.2864199e+02   3.7542468e+02   3.0549068e+02   3.9068454e+02
   4.9930420e+02   2.2734515e+02   4.7672086e+02   2.4307112e+02   4.5391612e+02   2.5873224e+02   4.3082843e+02   2.7465000e+02   4.0769658e+02   2.9040684e+02   3.8437333e+02   3.0607729e+02   3.6105631e+02   3.2160309e+02   3.3805965e+02   3.3715922e+02   3.1519575e+02   3.5231679e+02   2.9236171e+02   3.6727762e+02
   4.8279232e+02   2.0676385e+02   4.6061057e+02   2.2218629e+02   4.3824486e+02   2.3759634e+02   4.1550299e+02   2.5317779e+02   3.9272828e+02   2.6851167e+02   3.6976302e+02   2.8407179e+02   3.4707501e+02   2.9939148e+02   3.2437317e+02   3.1479332e+02   3.0192552e+02   3.2966427e+02   2.7967121e+02   3.4469346e+02
   4.6665522e+02   1.8661507e+02   4.4479262e+02   2.0182320e+02   4.2271542e+02   2.1681474e+02   4.0052611e+02   2.3231897e+02   3.7814508e+02   2.4736014e+02   3.5575029e+02   2.6276947e+02   3.3345179e+02   2.7784480e+02   3.1117672e+02   2.9317061e+02   2.8925091e+02   3.0787234e+02   2.6746099e+02   3.2263464e+02
   4.5104475e+02   1.6753854e+02   4.2948442e+02   1.8235940e+02   4.0791684e+02   1.9728218e+02   3.8591631e+02   2.1226385e+02   3.6425544e+02   2.2735083e+02   3.4222096e+02   2.4235936e+02   3.2046983e+02   2.5729657e+02   2.9847937e+02   2.7230987e+02   2.7673038e+02   2.8669596e+02   2.5564398e+02   3.0150305e+02
   4.3565841e+02   1.4925132e+02   4.1464004e+02   1.6386502e+02   3.9331177e+02   1.7809728e+02   3.7189478e+02   1.9312188e+02   3.5034003e+02   2.0749932e+02   3.2871677e+02   2.2234052e+02   3.0739781e+02   2.3716192e+02   2.8629156e+02   2.5205756e+02   2.6534640e+02   2.6663102e+02   2.4457841e+02   2.8116172e+02
   4.2100606e+02   1.3214424e+02   4.0024672e+02   1.4600205e+02   3.7943887e+02   1.6034796e+02   3.5825598e+02   1.7456520e+02   3.3724606e+02   1.8893496e+02   3.1611043e+02   2.0344632e+02   2.9521129e+02   2.1795331e+02   2.7410828e+02   2.3255080e+02   2.5383566e+02   2.4692911e+02   2.3392848e+02   2.6150601e+02
   4.0674801e+02   1.1536282e+02   3.8653342e+02   1.2949510e+02   3.6594656e+02   1.4318279e+02   3.4539030e+02   1.5741656e+02   3.2466935e+02   1.7123626e+02   3.0403906e+02   1.8546990e+02   2.8362824e+02   1.9975673e+02   2.6306591e+02   2.1419871e+02   2.4316883e+02   2.2818031e+02   2.2353904e+02   2.4249161e+02
   3.9314955e+02   9.9656345e+01   3.7316205e+02   1.1317294e+02   3.5322486e+02   1.2715993e+02   3.3294793e+02   1.4076637e+02   3.1274011e+02   1.5446928e+02   2.9244893e+02   1.6823686e+02   2.7258523e+02   1.8241138e+02   2.5246829e+02   1.9654425e+02   2.3284981e+02   2.1021191e+02   2.1374365e+02   2.2439304e+02
   3.8001950e+02   8.4690628e+01   3.6028857e+02   9.7704761e+01   3.4063541e+02   1.1121277e+02   3.2104059e+02   1.2504839e+02   3.0126588e+02   1.3832700e+02   2.8136535e+02   1.5177747e+02   2.6192610e+02   1.6561928e+02   2.4246562e+02   1.7967001e+02   2.2335607e+02   1.9318403e+02   2.0429156e+02   2.0682251e+02
