0.000000e+00 0.000000e+00 0.000000e+00 3.000000e+01 0.000000e+00 6.000000e+01 0.000000e+00 9.000000e+01 0.000000e+00 1.200000e+02 0.000000e+00 1.500000e+02 0.000000e+00 1.800000e+02 0.000000e+00 2.100000e+02 0.000000e+00 2.400000e+02 0.000000e+00 2.700000e+02 
3.000000e+01 0.000000e+00 3.000000e+01 3.000000e+01 3.000000e+01 6.000000e+01 3.000000e+01 9.000000e+01 3.000000e+01 1.200000e+02 3.000000e+01 1.500000e+02 3.000000e+01 1.800000e+02 3.000000e+01 2.100000e+02 3.000000e+01 2.400000e+02 3.000000e+01 2.700000e+02 
6.000000e+01 0.000000e+00 6.000000e+01 3.000000e+01 6.000000e+01 6.000000e+01 6.000000e+01 9.000000e+01 6.000000e+01 1.200000e+02 6.000000e+01 1.500000e+02 6.000000e+01 1.800000e+02 6.000000e+01 2.100000e+02 6.000000e+01 2.400000e+02 6.000000e+01 2.700000e+02 
9.000000e+01 0.000000e+00 9.000000e+01 3.000000e+01 9.000000e+01 6.000000e+01 9.000000e+01 9.000000e+01 9.000000e+01 1.200000e+02 9.000000e+01 1.500000e+02 9.000000e+01 1.800000e+02 9.000000e+01 2.100000e+02 9.000000e+01 2.400000e+02 9.000000e+01 2.700000e+02 
1.200000e+02 0.000000e+00 1.200000e+02 3.000000e+01 1.200000e+02 6.000000e+01 1.200000e+02 9.000000e+01 1.200000e+02 1.200000e+02 1.200000e+02 1.500000e+02 1.200000e+02 1.800000e+02 1.200000e+02 2.100000e+02 1.200000e+02 2.400000e+02 1.200000e+02 2.700000e+02 
1.500000e+02 0.000000e+00 1.500000e+02 3.000000e+01 1.500000e+02 6.000000e+01 1.500000e+02 9.000000e+01 1.500000e+02 1.200000e+02 1.500000e+02 1.500000e+02 1.500000e+02 1.800000e+02 1.500000e+02 2.100000e+02 1.500000e+02 2.400000e+02 1.500000e+02 2.700000e+02 
1.800000e+02 0.000000e+00 1.800000e+02 3.000000e+01 1.800000e+02 6.000000e+01 1.800000e+02 9.000000e+01 1.800000e+02 1.200000e+02 1.800000e+02 1.500000e+02 1.800000e+02 1.800000e+02 1.800000e+02 2.100000e+02 1.800000e+02 2.400000e+02 1.800000e+02 2.700000e+02 
2.100000e+02 0.000000e+00 2.100000e+02 3.000000e+01 2.100000e+02 6.000000e+01 2.100000e+02 9.000000e+01 2.100000e+02 1.200000e+02 2.100000e+02 1.500000e+02 2.100000e+02 1.800000e+02 2.100000e+02 2.100000e+02 2.100000e+02 2.400000e+02 2.100000e+02 2.700000e+02 
2.400000e+02 0.000000e+00 2.400000e+02 3.000000e+01 2.400000e+02 6.000000e+01 2.400000e+02 9.000000e+01 2.400000e+02 1.200000e+02 2.400000e+02 1.500000e+02 2.400000e+02 1.800000e+02 2.400000e+02 2.100000e+02 2.400000e+02 2.400000e+02 2.400000e+02 2.700000e+02 
2.700000e+02 0.000000e+00 2.700000e+02 3.000000e+01 2.700000e+02 6.000000e+01 2.700000e+02 9.000000e+01 2.700000e+02 1.200000e+02 2.700000e+02 1.500000e+02 2.700000e+02 1.800000e+02 2.700000e+02 2.100000e+02 2.700000e+02 2.400000e+02 2.700000e+02 2.700000e+02 
