   3.7099440e+02   8.2558013e+01   3.7134739e+02   1.1593339e+02   3.7165660e+02   1.4995764e+02   3.7185347e+02   1.8497299e+02   3.7199626e+02   2.2020238e+02   3.7196190e+02   2.5587351e+02   3.7181299e+02   2.9159149e+02   3.7169452e+02   3.2720354e+02   3.7159097e+02   3.6245574e+02   3.7142227e+02   3.9765822e+02
   3.3660201e+02   8.3490240e+01   3.3666716e+02   1.1663338e+02   3.3662027e+02   1.5048455e+02   3.3665711e+02   1.8523874e+02   3.3657376e+02   2.2023516e+02   3.3648289e+02   2.5571200e+02   3.3631807e+02   2.9130818e+02   3.3624323e+02   3.2676139e+02   3.3622444e+02   3.6177952e+02   3.3590361e+02   3.9688288e+02
   3.0264210e+02   8.4370856e+01   3.0238318e+02   1.1730765e+02   3.0213373e+02   1.5097420e+02   3.0173501e+02   1.8543935e+02   3.0151968e+02   2.2019390e+02   3.0129991e+02   2.5552684e+02   3.0106173e+02   2.9081487e+02   3.0100796e+02   3.2630378e+02   3.0096277e+02   3.6113707e+02   3.0100933e+02   3.9594654e+02
   2.6887325e+02   8.5092152e+01   2.6841117e+02   1.1811898e+02   2.6770323e+02   1.5142923e+02   2.6738701e+02   1.8575079e+02   2.6676649e+02   2.2026026e+02   2.6660975e+02   2.5537300e+02   2.6634099e+02   2.9033421e+02   2.6637124e+02   3.2567365e+02   2.6633449e+02   3.6018918e+02   2.6639699e+02   3.9478653e+02
   2.3586276e+02   8.6260958e+01   2.3510642e+02   1.1910925e+02   2.3440310e+02   1.5226211e+02   2.3362247e+02   1.8625041e+02   2.3328587e+02   2.2043891e+02   2.3269493e+02   2.5508733e+02   2.3254633e+02   2.8973354e+02   2.3237130e+02   3.2469754e+02   2.3216509e+02   3.5929205e+02   2.3245701e+02   3.9346123e+02
   2.0334575e+02   8.7693419e+01   2.0266581e+02   1.2037361e+02   2.0142548e+02   1.5300108e+02   2.0087147e+02   1.8680683e+02   1.9988094e+02   2.2052010e+02   1.9935444e+02   2.5492220e+02   1.9915668e+02   2.8933257e+02   1.9929165e+02   3.2382587e+02   1.9944525e+02   3.5782959e+02   1.9962572e+02   3.9215213e+02
   1.7203947e+02   8.9599462e+01   1.7059460e+02   1.2150745e+02   1.6977313e+02   1.5422727e+02   1.6862750e+02   1.8741165e+02   1.6780148e+02   2.2084728e+02   1.6716875e+02   2.5473389e+02   1.6681116e+02   2.8874040e+02   1.6665104e+02   3.2316319e+02   1.6674030e+02   3.5669044e+02   1.6741855e+02   3.9013498e+02
   1.4125875e+02   9.1198450e+01   1.4028767e+02   1.2325546e+02   1.3871211e+02   1.5526000e+02   1.3786106e+02   1.8823166e+02   1.3667677e+02   2.2112169e+02   1.3601863e+02   2.5459995e+02   1.3573477e+02   2.8812975e+02   1.3544954e+02   3.2217554e+02   1.3545436e+02   3.5517041e+02   1.3612717e+02   3.8832712e+02
   1.1174028e+02   9.3300427e+01   1.1012485e+02   1.2451366e+02   1.0922448e+02   1.5662213e+02   1.0781273e+02   1.8882138e+02   1.0669399e+02   2.2147375e+02   1.0576612e+02   2.5441597e+02   1.0560223e+02   2.8755915e+02   1.0536851e+02   3.2091088e+02   1.0508835e+02   3.5363909e+02   1.0586747e+02   3.8630052e+02
   8.3299267e+01   9.5410693e+01   8.1223095e+01   1.2626431e+02   7.9768347e+01   1.5762614e+02   7.8938122e+01   1.8976751e+02   7.7544726e+01   2.2171127e+02   7.6471287e+01   2.5435100e+02   7.6266220e+01   2.8669470e+02   7.6391029e+01   3.1986133e+02   7.6322640e+01   3.5174901e+02   7.6629190e+01   3.8428663e+02
