   3.8200861e+02   2.4251334e+02   3.8244659e+02   2.5617234e+02   3.8282215e+02   2.6971741e+02   3.8331054e+02   2.8354717e+02   3.8362937e+02   2.9729586e+02   3.8402853e+02   3.1118321e+02   3.8437554e+02   3.2493389e+02   3.8473157e+02   3.3871914e+02   3.8504998e+02   3.5248861e+02   3.8552880e+02   3.6640820e+02
   3.6865879e+02   2.4328467e+02   3.6907794e+02   2.5670052e+02   3.6944659e+02   2.7033498e+02   3.6971195e+02   2.8402014e+02   3.7013021e+02   2.9764908e+02   3.7042298e+02   3.1147450e+02   3.7071453e+02   3.2523803e+02   3.7112398e+02   3.3904329e+02   3.7149655e+02   3.5263486e+02   3.7167971e+02   3.6647272e+02
   3.5541672e+02   2.4388369e+02   3.5568986e+02   2.5735436e+02   3.5604240e+02   2.7081332e+02   3.5637951e+02   2.8447335e+02   3.5658875e+02   2.9802443e+02   3.5697401e+02   3.1173392e+02   3.5724828e+02   3.2543215e+02   3.5760015e+02   3.3925220e+02   3.5785321e+02   3.5276265e+02   3.5836207e+02   3.6654569e+02
   3.4217280e+02   2.4447500e+02   3.4247960e+02   2.5786272e+02   3.4269364e+02   2.7132435e+02   3.4307423e+02   2.8486796e+02   3.4331726e+02   2.9841017e+02   3.4359175e+02   3.1204780e+02   3.4385641e+02   3.2560632e+02   3.4417398e+02   3.3938773e+02   3.4451461e+02   3.5290049e+02   3.4471516e+02   3.6658401e+02
   3.2905887e+02   2.4508718e+02   3.2937982e+02   2.5848254e+02   3.2958287e+02   2.7173712e+02   3.2988966e+02   2.8535994e+02   3.3019192e+02   2.9865418e+02   3.3045936e+02   3.1234267e+02   3.3064670e+02   3.2575307e+02   3.3103631e+02   3.3946816e+02   3.3110854e+02   3.5304545e+02   3.3153498e+02   3.6661733e+02
   3.1620440e+02   2.4572594e+02   3.1647323e+02   2.5901300e+02   3.1657859e+02   2.7228489e+02   3.1691113e+02   2.8567486e+02   3.1710698e+02   2.9908202e+02   3.1730168e+02   3.1253311e+02   3.1753388e+02   3.2606562e+02   3.1789457e+02   3.3953944e+02   3.1829556e+02   3.5302416e+02   3.1849410e+02   3.6655923e+02
   3.0348316e+02   2.4645891e+02   3.0362718e+02   2.5954157e+02   3.0382616e+02   2.7275611e+02   3.0403215e+02   2.8613690e+02   3.0421931e+02   2.9942324e+02   3.0443158e+02   3.1276969e+02   3.0460413e+02   3.2621655e+02   3.0489871e+02   3.3971627e+02   3.0521025e+02   3.5301765e+02   3.0559897e+02   3.6643540e+02
   2.9093525e+02   2.4710560e+02   2.9121722e+02   2.6021759e+02   2.9129336e+02   2.7330298e+02   2.9146846e+02   2.8651818e+02   2.9153860e+02   2.9965702e+02   2.9165821e+02   3.1303381e+02   2.9195182e+02   3.2633944e+02   2.9217440e+02   3.3971933e+02   2.9246285e+02   3.5294415e+02   2.9268197e+02   3.6632167e+02
   2.7856446e+02   2.4767304e+02   2.7868319e+02   2.6064885e+02   2.7893340e+02   2.7376182e+02   2.7905009e+02   2.8688222e+02   2.7910927e+02   2.9996125e+02   2.7925147e+02   3.1323609e+02   2.7945545e+02   3.2643337e+02   2.7970151e+02   3.3975968e+02   2.7973564e+02   3.5281833e+02   2.8025716e+02   3.6617535e+02
   2.6648927e+02   2.4838085e+02   2.6641656e+02   2.6124020e+02   2.6657991e+02   2.7422263e+02   2.6677556e+02   2.8732108e+02   2.6681181e+02   3.0028315e+02   2.6679513e+02   3.1339609e+02   2.6712690e+02   3.2647303e+02   2.6731263e+02   3.3971251e+02   2.6754762e+02   3.5270636e+02   2.6767653e+02   3.6591936e+02
