   2.7369344e+02   2.8436423e+02   2.7352417e+02   2.9444761e+02   2.7335845e+02   3.0452387e+02   2.7321745e+02   3.1472598e+02   2.7297438e+02   3.2493912e+02   2.7284918e+02   3.3521854e+02   2.7259496e+02   3.4544740e+02   2.7258057e+02   3.5564188e+02   2.7243794e+02   3.6583700e+02   2.7246829e+02   3.7620716e+02
   2.6364830e+02   2.8416587e+02   2.6342157e+02   2.9428831e+02   2.6322809e+02   3.0436047e+02   2.6298436e+02   3.1455351e+02   2.6279079e+02   3.2465328e+02   2.6252742e+02   3.3503267e+02   2.6245346e+02   3.4524346e+02   2.6225924e+02   3.5552411e+02   2.6226040e+02   3.6563742e+02   2.6202734e+02   3.7606963e+02
   2.5354543e+02   2.8389021e+02   2.5333465e+02   2.9402014e+02   2.5306023e+02   3.0416186e+02   2.5280042e+02   3.1432104e+02   2.5250649e+02   3.2447017e+02   2.5240320e+02   3.3469217e+02   2.5215656e+02   3.4501340e+02   2.5205760e+02   3.5534183e+02   2.5184059e+02   3.6552642e+02   2.5182572e+02   3.7579975e+02
   2.4345170e+02   2.8360576e+02   2.4318860e+02   2.9375234e+02   2.4287037e+02   3.0382214e+02   2.4258768e+02   3.1414085e+02   2.4241731e+02   3.2423268e+02   2.4215073e+02   3.3449697e+02   2.4194409e+02   3.4467953e+02   2.4167637e+02   3.5513674e+02   2.4164750e+02   3.6533492e+02   2.4140827e+02   3.7562300e+02
   2.3331247e+02   2.8337248e+02   2.3307036e+02   2.9350896e+02   2.3266952e+02   3.0357325e+02   2.3248999e+02   3.1382829e+02   2.3221436e+02   3.2398093e+02   2.3198273e+02   3.3429765e+02   2.3163362e+02   3.4447092e+02   2.3152627e+02   3.5475817e+02   2.3129965e+02   3.6512928e+02   2.3124442e+02   3.7546066e+02
   2.2330559e+02   2.8319585e+02   2.2293019e+02   2.9329473e+02   2.2260408e+02   3.0334194e+02   2.2234757e+02   3.1358203e+02   2.2211050e+02   3.2368645e+02   2.2171440e+02   3.3405739e+02   2.2154751e+02   3.4424295e+02   2.2138652e+02   3.5456869e+02   2.2125898e+02   3.6479980e+02   2.2098213e+02   3.7521369e+02
   2.1327749e+02   2.8301344e+02   2.1287213e+02   2.9301336e+02   2.1250741e+02   3.0317998e+02   2.1226706e+02   3.1330888e+02   2.1185044e+02   3.2351378e+02   2.1162671e+02   3.3363513e+02   2.1132539e+02   3.4400564e+02   2.1119143e+02   3.5435278e+02   2.1085882e+02   3.6453364e+02   2.1081024e+02   3.7480053e+02
   2.0328959e+02   2.8265302e+02   2.0286415e+02   2.9277283e+02   2.0251880e+02   3.0284078e+02   2.0218524e+02   3.1311812e+02   2.0182716e+02   3.2321325e+02   2.0144466e+02   3.3344319e+02   2.0130510e+02   3.4364717e+02   2.0096185e+02   3.5405536e+02   2.0080251e+02   3.6421881e+02   2.0050777e+02   3.7456718e+02
   1.9330213e+02   2.8246099e+02   1.9290166e+02   2.9252197e+02   1.9252894e+02   3.0262246e+02   1.9223697e+02   3.1274656e+02   1.9172426e+02   3.2291064e+02   1.9148940e+02   3.3315016e+02   1.9114788e+02   3.4338629e+02   1.9090478e+02   3.5371211e+02   1.9051839e+02   3.6389412e+02   1.9048457e+02   3.7424878e+02
   1.8344711e+02   2.8227746e+02   1.8287473e+02   2.9226367e+02   1.8254688e+02   3.0235042e+02   1.8222518e+02   3.1252842e+02   1.8182009e+02   3.2259449e+02   1.8134507e+02   3.3281660e+02   1.8114487e+02   3.4303600e+02   1.8074467e+02   3.5344207e+02   1.8055262e+02   3.6354597e+02   1.8022422e+02   3.7398246e+02
