   4.1212814e+02   6.3902838e+01   4.1416128e+02   9.6318342e+01   4.1634021e+02   1.2909808e+02   4.1836681e+02   1.6294933e+02   4.2029279e+02   1.9693750e+02   4.2197343e+02   2.3162652e+02   4.2347960e+02   2.6640505e+02   4.2487086e+02   3.0123315e+02   4.2593064e+02   3.3569747e+02   4.2714386e+02   3.7049528e+02
   3.7944854e+02   6.7563191e+01   3.8135793e+02   9.9233040e+01   3.8300560e+02   1.3156972e+02   3.8482068e+02   1.6467175e+02   3.8645580e+02   1.9830187e+02   3.8794943e+02   2.3241172e+02   3.8935229e+02   2.6663863e+02   3.9066093e+02   3.0099443e+02   3.9183254e+02   3.3507085e+02   3.9266976e+02   3.6916957e+02
   3.4777344e+02   7.0861163e+01   3.4924473e+02   1.0213685e+02   3.5074197e+02   1.3389409e+02   3.5217135e+02   1.6654506e+02   3.5347428e+02   1.9944269e+02   3.5480049e+02   2.3316953e+02   3.5608172e+02   2.6676957e+02   3.5745638e+02   3.0078926e+02   3.5843067e+02   3.3426720e+02   3.5961121e+02   3.6788859e+02
   3.1660549e+02   7.4047031e+01   3.1798540e+02   1.0491061e+02   3.1899015e+02   1.3619915e+02   3.2043745e+02   1.6839832e+02   3.2140621e+02   2.0072720e+02   3.2275868e+02   2.3386559e+02   3.2383011e+02   2.6695756e+02   3.2515575e+02   3.0051478e+02   3.2618987e+02   3.3339806e+02   3.2725476e+02   3.6640497e+02
   2.8686638e+02   7.7442886e+01   2.8777093e+02   1.0790815e+02   2.8884192e+02   1.3865906e+02   2.8972720e+02   1.7037481e+02   2.9091936e+02   2.0221000e+02   2.9184945e+02   2.3462390e+02   2.9300093e+02   2.6708635e+02   2.9403955e+02   2.9996599e+02   2.9468858e+02   3.3247113e+02   2.9611373e+02   3.6482234e+02
   2.5808029e+02   8.1193607e+01   2.5905021e+02   1.1106377e+02   2.5933615e+02   1.4115967e+02   2.6044788e+02   1.7233651e+02   2.6082975e+02   2.0346239e+02   2.6164067e+02   2.3534912e+02   2.6272989e+02   2.6731414e+02   2.6408778e+02   2.9945583e+02   2.6533688e+02   3.3124371e+02   2.6648164e+02   3.6308445e+02
   2.3091222e+02   8.5060504e+01   2.3108573e+02   1.1420804e+02   2.3169174e+02   1.4394051e+02   2.3203537e+02   1.7433803e+02   2.3256816e+02   2.0493076e+02   2.3326268e+02   2.3614348e+02   2.3417377e+02   2.6740699e+02   2.3512515e+02   2.9915152e+02   2.3629455e+02   3.3006632e+02   2.3788595e+02   3.6113153e+02
   2.0444430e+02   8.8652845e+01   2.0513519e+02   1.1759966e+02   2.0504775e+02   1.4661114e+02   2.0553559e+02   1.7647531e+02   2.0560738e+02   2.0636193e+02   2.0623184e+02   2.3682078e+02   2.0714136e+02   2.6743994e+02   2.0795986e+02   2.9844727e+02   2.0897919e+02   3.2874651e+02   2.1043281e+02   3.5928021e+02
   1.7947530e+02   9.2328675e+01   1.7950499e+02   1.2052786e+02   1.8013570e+02   1.4943584e+02   1.8012959e+02   1.7846363e+02   1.8023079e+02   2.0773548e+02   1.8043012e+02   2.3750975e+02   1.8139654e+02   2.6746617e+02   1.8229387e+02   2.9778053e+02   1.8279354e+02   3.2746415e+02   1.8427997e+02   3.5743108e+02
   1.5560363e+02   9.6055339e+01   1.5519474e+02   1.2359396e+02   1.5536960e+02   1.5178574e+02   1.5594513e+02   1.8051180e+02   1.5584300e+02   2.0916026e+02   1.5588518e+02   2.3827550e+02   1.5666739e+02   2.6744889e+02   1.5767218e+02   2.9715249e+02   1.5835916e+02   3.2613593e+02   1.5923001e+02   3.5560217e+02
