   4.0693192e+02   2.3608776e+02   3.8276119e+02   2.5229641e+02   3.5866386e+02   2.6845862e+02   3.3442034e+02   2.8465462e+02   3.1049574e+02   3.0053366e+02   2.8652299e+02   3.1628366e+02   2.6314686e+02   3.3159270e+02   2.4008475e+02   3.4674328e+02   2.1720188e+02   3.6145532e+02   1.9488383e+02   3.7625623e+02
   3.9133453e+02   2.1442249e+02   3.6769845e+02   2.3037846e+02   3.4405934e+02   2.4622232e+02   3.2034693e+02   2.6211664e+02   2.9685350e+02   2.7770259e+02   2.7346324e+02   2.9321580e+02   2.5047398e+02   3.0843349e+02   2.2801850e+02   3.2349707e+02   2.0577257e+02   3.3820558e+02   1.8381689e+02   3.5263975e+02
   3.7618496e+02   1.9346020e+02   3.5303702e+02   2.0907166e+02   3.2983689e+02   2.2465297e+02   3.0665247e+02   2.4028189e+02   2.8361294e+02   2.5554077e+02   2.6077125e+02   2.7095138e+02   2.3840708e+02   2.8601305e+02   2.1634553e+02   3.0112040e+02   1.9458960e+02   3.1549814e+02   1.7334665e+02   3.3012898e+02
   3.6135411e+02   1.7291895e+02   3.3866140e+02   1.8841849e+02   3.1593462e+02   2.0360281e+02   2.9339972e+02   2.1916986e+02   2.7079812e+02   2.3423024e+02   2.4866000e+02   2.4952980e+02   2.2674165e+02   2.6443197e+02   2.0515151e+02   2.7941084e+02   1.8391461e+02   2.9371311e+02   1.6319375e+02   3.0811872e+02
   3.4718422e+02   1.5362921e+02   3.2490296e+02   1.6870304e+02   3.0281945e+02   1.8382559e+02   2.8059660e+02   1.9897180e+02   2.5885031e+02   2.1410033e+02   2.3710815e+02   2.2904578e+02   2.1579878e+02   2.4377553e+02   1.9444898e+02   2.5861650e+02   1.7349831e+02   2.7263743e+02   1.5344612e+02   2.8707810e+02
   3.3338732e+02   1.3520948e+02   3.1175733e+02   1.5015847e+02   2.8988309e+02   1.6455625e+02   2.6840582e+02   1.7970882e+02   2.4674216e+02   1.9426294e+02   2.2544036e+02   2.0900605e+02   2.0461152e+02   2.2368284e+02   1.8435510e+02   2.3838569e+02   1.6420180e+02   2.5267610e+02   1.4443054e+02   2.6686001e+02
   3.2041812e+02   1.1803532e+02   2.9909730e+02   1.3222937e+02   2.7792893e+02   1.4676181e+02   2.5660776e+02   1.6126612e+02   2.3564363e+02   1.7567996e+02   2.1481763e+02   1.9022300e+02   1.9448412e+02   2.0462272e+02   1.7416191e+02   2.1906929e+02   1.5468804e+02   2.3320916e+02   1.3576303e+02   2.4745899e+02
   3.0781180e+02   1.0133930e+02   2.8727212e+02   1.1569843e+02   2.6640308e+02   1.2962189e+02   2.4574319e+02   1.4411823e+02   2.2521799e+02   1.5804558e+02   2.0482167e+02   1.7233722e+02   1.8508643e+02   1.8655154e+02   1.6514201e+02   2.0080049e+02   1.4597117e+02   2.1455922e+02   1.2728490e+02   2.2860887e+02
   2.9590549e+02   8.5710187e+01   2.7560730e+02   9.9466071e+01   2.5558301e+02   1.1366168e+02   2.3536940e+02   1.2754548e+02   2.1531491e+02   1.4136746e+02   1.9531661e+02   1.5518891e+02   1.7608042e+02   1.6936024e+02   1.5660338e+02   1.8336414e+02   1.3761223e+02   1.9676128e+02   1.1939715e+02   2.1070400e+02
   2.8460309e+02   7.0879394e+01   2.6454328e+02   8.4162670e+01   2.4485847e+02   9.7810492e+01   2.2537374e+02   1.1184963e+02   2.0573955e+02   1.2533186e+02   1.8623084e+02   1.3884403e+02   1.6738144e+02   1.5265013e+02   1.4851167e+02   1.6661713e+02   1.3003867e+02   1.7987051e+02   1.1157943e+02   1.9336141e+02
