   4.0843094e+02   1.3672176e+02   4.1311532e+02   1.6468330e+02   4.1748271e+02   1.9150742e+02   4.2154026e+02   2.1726105e+02   4.2536834e+02   2.4224586e+02   4.2891456e+02   2.6571203e+02   4.3209899e+02   2.8819224e+02   4.3500662e+02   3.0928007e+02   4.3766919e+02   3.2967835e+02   4.4039263e+02   3.4964079e+02
   3.7904906e+02   1.4168456e+02   3.8429169e+02   1.6915277e+02   3.8918024e+02   1.9542640e+02   3.9370529e+02   2.2121847e+02   3.9812772e+02   2.4557608e+02   4.0213903e+02   2.6886820e+02   4.0590540e+02   2.9098322e+02   4.0944569e+02   3.1209259e+02   4.1269415e+02   3.3238645e+02   4.1570780e+02   3.5214934e+02
   3.5017840e+02   1.4641408e+02   3.5582876e+02   1.7337677e+02   3.6123897e+02   1.9966327e+02   3.6636385e+02   2.2492434e+02   3.7117493e+02   2.4941899e+02   3.7582397e+02   2.7201624e+02   3.8009277e+02   2.9417231e+02   3.8419597e+02   3.1480396e+02   3.8793466e+02   3.3492725e+02   3.9159118e+02   3.5444583e+02
   3.2172548e+02   1.5111133e+02   3.2780777e+02   1.7789852e+02   3.3360835e+02   2.0377792e+02   3.3917916e+02   2.2884247e+02   3.4456426e+02   2.5257447e+02   3.4964344e+02   2.7518109e+02   3.5457101e+02   2.9670742e+02   3.5914664e+02   3.1748191e+02   3.6345353e+02   3.3740446e+02   3.6746568e+02   3.5658396e+02
   2.9403894e+02   1.5610873e+02   3.0047842e+02   1.8250709e+02   3.0667505e+02   2.0812680e+02   3.1268341e+02   2.3264446e+02   3.1852761e+02   2.5628458e+02   3.2436632e+02   2.7815292e+02   3.2951498e+02   2.9972867e+02   3.3465053e+02   3.2026825e+02   3.3945713e+02   3.3967080e+02   3.4399589e+02   3.5859909e+02
   2.6676031e+02   1.6109779e+02   2.7362506e+02   1.8711031e+02   2.8033362e+02   2.1209007e+02   2.8666136e+02   2.3638742e+02   2.9293440e+02   2.5960057e+02   2.9924460e+02   2.8102190e+02   3.0497863e+02   3.0222252e+02   3.1043073e+02   3.2259801e+02   3.1573490e+02   3.4191846e+02   3.2068972e+02   3.6061532e+02
   2.4062901e+02   1.6565934e+02   2.4779972e+02   1.9118740e+02   2.5473347e+02   2.1586996e+02   2.6146605e+02   2.3976682e+02   2.6812718e+02   2.6266786e+02   2.7491502e+02   2.8366010e+02   2.8098558e+02   3.0473054e+02   2.8691596e+02   3.2482227e+02   2.9256211e+02   3.4406419e+02   2.9811483e+02   3.6232332e+02
   2.1507358e+02   1.7041023e+02   2.2237892e+02   1.9558525e+02   2.2955666e+02   2.1993644e+02   2.3663341e+02   2.4352034e+02   2.4407716e+02   2.6541302e+02   2.5089954e+02   2.8662958e+02   2.5747430e+02   3.0719699e+02   2.6381681e+02   3.2693546e+02   2.7011474e+02   3.4577161e+02   2.7593643e+02   3.6400867e+02
   1.9058630e+02   1.7535008e+02   1.9811640e+02   2.0008975e+02   2.0572359e+02   2.2380656e+02   2.1322431e+02   2.4672156e+02   2.2067296e+02   2.6854198e+02   2.2761038e+02   2.8980216e+02   2.3470976e+02   3.0996778e+02   2.4154291e+02   3.2951777e+02   2.4811115e+02   3.4812635e+02   2.5435114e+02   3.6626279e+02
   1.6661521e+02   1.7974616e+02   1.7478808e+02   2.0391511e+02   1.8268762e+02   2.2702566e+02   1.9051153e+02   2.4953699e+02   1.9798988e+02   2.7126106e+02   2.0533154e+02   2.9213658e+02   2.1261332e+02   3.1206366e+02   2.1967335e+02   3.3146730e+02   2.2655660e+02   3.4979124e+02   2.3319710e+02   3.6762915e+02
