   3.7888217e+02   1.1797845e+02   3.7018811e+02   1.3689771e+02   3.6119581e+02   1.5715421e+02   3.5186518e+02   1.7901915e+02   3.4154965e+02   2.0167519e+02   3.3134034e+02   2.2651046e+02   3.2054885e+02   2.5246877e+02   3.0962722e+02   2.8039875e+02   2.9749055e+02   3.0919217e+02   2.8415871e+02   3.3889139e+02
   3.5913998e+02   1.2608768e+02   3.5054660e+02   1.4492896e+02   3.4166824e+02   1.6521747e+02   3.3156016e+02   1.8579302e+02   3.2168117e+02   2.0847598e+02   3.1120100e+02   2.3223784e+02   3.0049479e+02   2.5736101e+02   2.8923232e+02   2.8390350e+02   2.7718497e+02   3.1146443e+02   2.6376337e+02   3.3977455e+02
   3.4125619e+02   1.3418153e+02   3.3263288e+02   1.5293865e+02   3.2297319e+02   1.7198352e+02   3.1324127e+02   1.9254429e+02   3.0259135e+02   2.1390910e+02   2.9261744e+02   2.3748620e+02   2.8150123e+02   2.6136022e+02   2.7052593e+02   2.8713100e+02   2.5851595e+02   3.1345813e+02   2.4554292e+02   3.4064962e+02
   3.2451427e+02   1.4210417e+02   3.1538752e+02   1.5996759e+02   3.0579997e+02   1.7884550e+02   2.9561425e+02   1.9853345e+02   2.8565835e+02   2.1991598e+02   2.7529948e+02   2.4231604e+02   2.6455839e+02   2.6558032e+02   2.5330887e+02   2.9002752e+02   2.4145848e+02   3.1532250e+02   2.2877400e+02   3.4146213e+02
   3.0842321e+02   1.4886320e+02   2.9920882e+02   1.6645387e+02   2.8949017e+02   1.8473243e+02   2.7952356e+02   2.0422932e+02   2.6926999e+02   2.2462045e+02   2.5961008e+02   2.4680901e+02   2.4843657e+02   2.6877805e+02   2.3733523e+02   2.9241576e+02   2.2584969e+02   3.1692095e+02   2.1364803e+02   3.4208365e+02
   2.9323391e+02   1.5533528e+02   2.8391405e+02   1.7252304e+02   2.7445804e+02   1.9060320e+02   2.6446870e+02   2.0952008e+02   2.5429861e+02   2.2941270e+02   2.4487296e+02   2.5082639e+02   2.3417811e+02   2.7249277e+02   2.2278286e+02   2.9491162e+02   2.1146245e+02   3.1836704e+02   1.9943271e+02   3.4252389e+02
   2.7951828e+02   1.6186225e+02   2.7034009e+02   1.7881884e+02   2.6067752e+02   1.9636449e+02   2.5067437e+02   2.1463182e+02   2.4067937e+02   2.3400063e+02   2.3142074e+02   2.5476365e+02   2.2065551e+02   2.7547388e+02   2.0968412e+02   2.9724022e+02   1.9836441e+02   3.1969691e+02   1.8684179e+02   3.4308064e+02
   2.6644301e+02   1.6822627e+02   2.5701057e+02   1.8456059e+02   2.4739540e+02   2.0159566e+02   2.3742972e+02   2.1940421e+02   2.2853293e+02   2.3852904e+02   2.1855139e+02   2.5823374e+02   2.0815566e+02   2.7850824e+02   1.9742124e+02   2.9955767e+02   1.8649583e+02   3.2126953e+02   1.7491057e+02   3.4360704e+02
   2.5392537e+02   1.7363041e+02   2.4405077e+02   1.8956411e+02   2.3470656e+02   2.0649537e+02   2.2544318e+02   2.2399826e+02   2.1641453e+02   2.4241072e+02   2.0609338e+02   2.6107508e+02   1.9610070e+02   2.8091736e+02   1.8553040e+02   3.0124393e+02   1.7477022e+02   3.2233069e+02   1.6331051e+02   3.4361889e+02
   2.4315698e+02   1.7904805e+02   2.3493090e+02   1.9474214e+02   2.1976267e+02   2.1341979e+02   2.1520092e+02   2.2869725e+02   2.0556283e+02   2.4622837e+02   1.9537080e+02   2.6452933e+02   1.8534286e+02   2.8353749e+02   1.7482834e+02   3.0324911e+02   1.6431456e+02   3.2334689e+02   1.5322728e+02   3.4431608e+02
