   4.9571307e+02   1.8710809e+02   4.9560017e+02   2.0668314e+02   4.9545952e+02   2.2635240e+02   4.9542419e+02   2.4623197e+02   4.9506031e+02   2.6599388e+02   4.9494436e+02   2.8582936e+02   4.9452558e+02   3.0560278e+02   4.9437530e+02   3.2544575e+02   4.9384697e+02   3.4497859e+02   4.9322236e+02   3.6474291e+02
   4.7703692e+02   1.8795983e+02   4.7702561e+02   2.0727480e+02   4.7704212e+02   2.2663287e+02   4.7665654e+02   2.4603494e+02   4.7652953e+02   2.6557422e+02   4.7626593e+02   2.8497310e+02   4.7606878e+02   3.0448246e+02   4.7571785e+02   3.2383009e+02   4.7534134e+02   3.4326146e+02   4.7443229e+02   3.6248161e+02
   4.5920110e+02   1.8881919e+02   4.5929963e+02   2.0789700e+02   4.5890562e+02   2.2678547e+02   4.5870448e+02   2.4598739e+02   4.5833277e+02   2.6514371e+02   4.5840191e+02   2.8428136e+02   4.5788614e+02   3.0335376e+02   4.5771300e+02   3.2244640e+02   4.5722369e+02   3.4137053e+02   4.5654982e+02   3.6040724e+02
   4.4196649e+02   1.8984263e+02   4.4172427e+02   2.0842234e+02   4.4149981e+02   2.2717669e+02   4.4110373e+02   2.4581647e+02   4.4095915e+02   2.6472524e+02   4.4070793e+02   2.8344215e+02   4.4058088e+02   3.0225927e+02   4.4024305e+02   3.2094110e+02   4.3970460e+02   3.3961914e+02   4.3901670e+02   3.5822886e+02
   4.2511088e+02   1.9063648e+02   4.2479742e+02   2.0900575e+02   4.2448221e+02   2.2733167e+02   4.2423172e+02   2.4577121e+02   4.2384730e+02   2.6433319e+02   4.2407215e+02   2.8272307e+02   4.2352530e+02   3.0119717e+02   4.2330407e+02   3.1960363e+02   4.2285660e+02   3.3784357e+02   4.2233799e+02   3.5620917e+02
   4.0862385e+02   1.9152221e+02   4.0837854e+02   2.0947568e+02   4.0811658e+02   2.2755051e+02   4.0767904e+02   2.4565603e+02   4.0744511e+02   2.6392792e+02   4.0761894e+02   2.8194827e+02   4.0734121e+02   3.0013115e+02   4.0678876e+02   3.1822860e+02   4.0650379e+02   3.3623040e+02   4.0588273e+02   3.5416678e+02
   3.9312343e+02   1.9237348e+02   3.9276529e+02   2.1014790e+02   3.9242217e+02   2.2774690e+02   3.9196988e+02   2.4560034e+02   3.9161573e+02   2.6347971e+02   3.9195648e+02   2.8125010e+02   3.9147791e+02   2.9899763e+02   3.9112183e+02   3.1680993e+02   3.9065120e+02   3.3448488e+02   3.9035585e+02   3.5214550e+02
   3.7781911e+02   1.9337406e+02   3.7739982e+02   2.1062770e+02   3.7687657e+02   2.2816862e+02   3.7641248e+02   2.4557531e+02   3.7659369e+02   2.6316522e+02   3.7647158e+02   2.8050767e+02   3.7621309e+02   2.9805486e+02   3.7581407e+02   3.1549394e+02   3.7556489e+02   3.3288128e+02   3.7517529e+02   3.5022204e+02
   3.6324091e+02   1.9424306e+02   3.6258452e+02   2.1128886e+02   3.6230309e+02   2.2837919e+02   3.6195000e+02   2.4558080e+02   3.6182146e+02   2.6274107e+02   3.6140424e+02   2.7994703e+02   3.6130035e+02   2.9716517e+02   3.6101741e+02   3.1440212e+02   3.6071764e+02   3.3143934e+02   3.6031133e+02   3.4852584e+02
   3.4893833e+02   1.9507122e+02   3.4861440e+02   2.1182052e+02   3.4837883e+02   2.2857795e+02   3.4808368e+02   2.4550631e+02   3.4762154e+02   2.6244438e+02   3.4730213e+02   2.7928932e+02   3.4709179e+02   2.9620198e+02   3.4672082e+02   3.1316515e+02   3.4647436e+02   3.2985875e+02   3.4612487e+02   3.4665402e+02
