   3.8825980e+02   7.1414091e+01   3.8909720e+02   1.0626925e+02   3.8990762e+02   1.4172790e+02   3.9066613e+02   1.7834922e+02   3.9128609e+02   2.1517896e+02   3.9170014e+02   2.5258430e+02   3.9190316e+02   2.9000233e+02   3.9221441e+02   3.2734874e+02   3.9251095e+02   3.6427918e+02   3.9263790e+02   4.0124253e+02
   3.5226272e+02   7.2609766e+01   3.5277964e+02   1.0726548e+02   3.5328748e+02   1.4256166e+02   3.5377332e+02   1.7889709e+02   3.5418217e+02   2.1556160e+02   3.5444795e+02   2.5282259e+02   3.5463699e+02   2.9017970e+02   3.5490758e+02   3.2745831e+02   3.5536800e+02   3.6423406e+02   3.5544325e+02   4.0103402e+02
   3.1657733e+02   7.3695939e+01   3.1670565e+02   1.0817025e+02   3.1696990e+02   1.4339338e+02   3.1714148e+02   1.7948639e+02   3.1734090e+02   2.1593759e+02   3.1747325e+02   2.5309867e+02   3.1754436e+02   2.9020971e+02   3.1787004e+02   3.2750396e+02   3.1824040e+02   3.6411208e+02   3.1865544e+02   4.0068777e+02
   2.8102228e+02   7.4577523e+01   2.8095765e+02   1.0915851e+02   2.8071221e+02   1.4407493e+02   2.8073914e+02   1.8015432e+02   2.8064914e+02   2.1635662e+02   2.8080346e+02   2.5333117e+02   2.8083787e+02   2.9012709e+02   2.8126257e+02   3.2739750e+02   2.8162558e+02   3.6369612e+02   2.8206622e+02   4.0005618e+02
   2.4621286e+02   7.6026174e+01   2.4575674e+02   1.1043507e+02   2.4541389e+02   1.4521310e+02   2.4506466e+02   1.8090677e+02   2.4500605e+02   2.1688163e+02   2.4479931e+02   2.5345167e+02   2.4501440e+02   2.9000094e+02   2.4529936e+02   3.2682900e+02   2.4543771e+02   3.6329851e+02   2.4615846e+02   3.9929954e+02
   2.1171517e+02   7.7747028e+01   2.1138050e+02   1.1197574e+02   2.1046625e+02   1.4628634e+02   2.1027723e+02   1.8185376e+02   2.0960916e+02   2.1738130e+02   2.0940588e+02   2.5366052e+02   2.0959837e+02   2.8998097e+02   2.1009092e+02   3.2642712e+02   2.1066701e+02   3.6226783e+02   2.1132141e+02   3.9848263e+02
   1.7855737e+02   8.0045525e+01   1.7739773e+02   1.1350447e+02   1.7682497e+02   1.4784556e+02   1.7603396e+02   1.8282524e+02   1.7547737e+02   2.1815202e+02   1.7516993e+02   2.5387333e+02   1.7520272e+02   2.8981467e+02   1.7540008e+02   3.2622303e+02   1.7589402e+02   3.6159521e+02   1.7699238e+02   3.9683843e+02
   1.4583480e+02   8.2010725e+01   1.4517632e+02   1.1564866e+02   1.4383330e+02   1.4932459e+02   1.4329305e+02   1.8408341e+02   1.4240409e+02   2.1870073e+02   1.4200654e+02   2.5421117e+02   1.4208078e+02   2.8953209e+02   1.4212748e+02   3.2557441e+02   1.4256733e+02   3.6043454e+02   1.4367053e+02   3.9542089e+02
   1.1453172e+02   8.4551122e+01   1.1307016e+02   1.1732866e+02   1.1241328e+02   1.5116318e+02   1.1134228e+02   1.8513371e+02   1.1046140e+02   2.1950245e+02   1.0980161e+02   2.5435406e+02   1.0989000e+02   2.8940675e+02   1.1009749e+02   3.2467167e+02   1.1020208e+02   3.5928551e+02   1.1142807e+02   3.9366510e+02
   8.4341462e+01   8.7159617e+01   8.2327021e+01   1.1946539e+02   8.1102615e+01   1.5251299e+02   8.0612699e+01   1.8650709e+02   7.9381650e+01   2.2017664e+02   7.8552192e+01   2.5457740e+02   7.8653360e+01   2.8888461e+02   7.9151153e+01   3.2386988e+02   7.9492128e+01   3.5762737e+02   8.0221160e+01   3.9199798e+02
