   3.9843471e+02   2.9782307e+02   3.7866258e+02   3.0518324e+02   3.5989060e+02   3.1194173e+02   3.4172232e+02   3.1848780e+02   3.2451647e+02   3.2453744e+02   3.0796275e+02   3.3046124e+02   2.9215800e+02   3.3567688e+02   2.7715638e+02   3.4104418e+02   2.6278966e+02   3.4658664e+02   2.4910229e+02   3.5122576e+02
   3.8482561e+02   2.8570281e+02   3.6497646e+02   2.9345572e+02   3.4592195e+02   3.0082977e+02   3.2766800e+02   3.0783630e+02   3.1034395e+02   3.1447730e+02   2.9365018e+02   3.2058589e+02   2.7793726e+02   3.2649106e+02   2.6281450e+02   3.3181582e+02   2.4862984e+02   3.3755211e+02   2.3485132e+02   3.4256730e+02
   3.7053271e+02   2.7340589e+02   3.5043375e+02   2.8157666e+02   3.3126538e+02   2.8934784e+02   3.1287118e+02   2.9672438e+02   2.9548395e+02   3.0396811e+02   2.7881547e+02   3.1047156e+02   2.6300928e+02   3.1656260e+02   2.4793484e+02   3.2243773e+02   2.3370162e+02   3.2851076e+02   2.2025700e+02   3.3369030e+02
   3.5532832e+02   2.6092122e+02   3.3503257e+02   2.6930737e+02   3.1571975e+02   2.7772988e+02   2.9733734e+02   2.8525419e+02   2.7993086e+02   2.9294663e+02   2.6328948e+02   2.9957211e+02   2.4751570e+02   3.0627043e+02   2.3248750e+02   3.1242548e+02   2.1844014e+02   3.1881170e+02   2.0477077e+02   3.2433067e+02
   3.3932528e+02   2.4735993e+02   3.1882120e+02   2.5641268e+02   2.9950282e+02   2.6493420e+02   2.8111902e+02   2.7335180e+02   2.6375278e+02   2.8093556e+02   2.4722889e+02   2.8837156e+02   2.3148492e+02   2.9521811e+02   2.1651614e+02   3.0206580e+02   2.0234248e+02   3.0906646e+02   1.8902979e+02   3.1461012e+02
   3.2227705e+02   2.3290279e+02   3.0175740e+02   2.4244364e+02   2.8237866e+02   2.5228348e+02   2.6398344e+02   2.6062512e+02   2.4658699e+02   2.6952213e+02   2.3002973e+02   2.7753224e+02   2.1450214e+02   2.8483541e+02   2.0001388e+02   2.9140408e+02   1.8616452e+02   2.9825779e+02   1.7269389e+02   3.0437772e+02
   3.0437960e+02   2.1696905e+02   2.8375355e+02   2.2774812e+02   2.6449539e+02   2.3760257e+02   2.4604741e+02   2.4742708e+02   2.2873838e+02   2.5642601e+02   2.1246054e+02   2.6494997e+02   1.9701222e+02   2.7276591e+02   1.8240926e+02   2.8064904e+02   1.6882551e+02   2.8751486e+02   1.5607817e+02   2.9353424e+02
   2.8557480e+02   2.0071696e+02   2.6515237e+02   2.1163337e+02   2.4577984e+02   2.2267677e+02   2.2753064e+02   2.3271543e+02   2.1041377e+02   2.4270099e+02   1.9422545e+02   2.5165643e+02   1.7917515e+02   2.5994794e+02   1.6459767e+02   2.6833004e+02   1.5137826e+02   2.7591897e+02   1.3855053e+02   2.8244914e+02
   2.6583766e+02   1.8338236e+02   2.4546526e+02   1.9553853e+02   2.2637583e+02   2.0653516e+02   2.0832425e+02   2.1757621e+02   1.9131666e+02   2.2813088e+02   1.7537392e+02   2.3803569e+02   1.6041471e+02   2.4659557e+02   1.4630202e+02   2.5539494e+02   1.3296634e+02   2.6382288e+02   1.2059652e+02   2.7097334e+02
   2.4531388e+02   1.6479470e+02   2.2480815e+02   1.7835750e+02   2.0593115e+02   1.9048331e+02   1.8821590e+02   2.0164370e+02   1.7154478e+02   2.1282326e+02   1.5564103e+02   2.2348187e+02   1.4118267e+02   2.3280625e+02   1.2725169e+02   2.4189158e+02   1.1440639e+02   2.5072339e+02   1.0177559e+02   2.5886908e+02
