   4.0125742e+02   1.7537487e+02   3.9901561e+02   1.9532266e+02   3.9672817e+02   2.1552629e+02   3.9438228e+02   2.3644095e+02   3.9186954e+02   2.5747816e+02   3.8931592e+02   2.7899973e+02   3.8662394e+02   3.0068182e+02   3.8393640e+02   3.2264125e+02   3.8097823e+02   3.4455292e+02   3.7831519e+02   3.6714085e+02
   3.8171026e+02   1.7590663e+02   3.7939897e+02   1.9549671e+02   3.7686443e+02   2.1545470e+02   3.7434593e+02   2.3590573e+02   3.7167134e+02   2.5659200e+02   3.6895872e+02   2.7775003e+02   3.6618951e+02   2.9917352e+02   3.6344142e+02   3.2076560e+02   3.6051167e+02   3.4242870e+02   3.5750396e+02   3.6446072e+02
   3.6270530e+02   1.7636869e+02   3.6017048e+02   1.9559029e+02   3.5754090e+02   2.1532567e+02   3.5480089e+02   2.3542838e+02   3.5200513e+02   2.5566287e+02   3.4926167e+02   2.7657800e+02   3.4637692e+02   2.9755216e+02   3.4351865e+02   3.1896742e+02   3.4043758e+02   3.4016421e+02   3.3759538e+02   3.6184804e+02
   3.4394554e+02   1.7657278e+02   3.4140309e+02   1.9567248e+02   3.3853790e+02   2.1500607e+02   3.3585021e+02   2.3487450e+02   3.3285340e+02   2.5481309e+02   3.3015236e+02   2.7540852e+02   3.2714023e+02   2.9604526e+02   3.2422854e+02   3.1714407e+02   3.2116141e+02   3.3794197e+02   3.1814341e+02   3.5933376e+02
   3.2596256e+02   1.7702253e+02   3.2320276e+02   1.9580803e+02   3.2044831e+02   2.1484848e+02   3.1749333e+02   2.3443865e+02   3.1468244e+02   2.5416180e+02   3.1165759e+02   2.7430102e+02   3.0865756e+02   2.9452657e+02   3.0554925e+02   3.1532737e+02   3.0224712e+02   3.3574495e+02   2.9941355e+02   3.5672990e+02
   3.0845152e+02   1.7751593e+02   3.0573661e+02   1.9608622e+02   3.0253338e+02   2.1461703e+02   2.9978366e+02   2.3401423e+02   2.9653020e+02   2.5326580e+02   2.9342199e+02   2.7299394e+02   2.9043137e+02   2.9300312e+02   2.8753772e+02   3.1335212e+02   2.8455893e+02   3.3360242e+02   2.8151096e+02   3.5421328e+02
   2.9180628e+02   1.7828161e+02   2.8866005e+02   1.9628857e+02   2.8572242e+02   2.1472834e+02   2.8253514e+02   2.3352838e+02   2.7940816e+02   2.5257170e+02   2.7624398e+02   2.7199035e+02   2.7314561e+02   2.9158848e+02   2.6993150e+02   3.1159534e+02   2.6696546e+02   3.3141703e+02   2.6429005e+02   3.5162362e+02
   2.7550193e+02   1.7874035e+02   2.7264017e+02   1.9671845e+02   2.6937172e+02   2.1473206e+02   2.6632616e+02   2.3339316e+02   2.6289349e+02   2.5189347e+02   2.5969269e+02   2.7101256e+02   2.5663393e+02   2.9028200e+02   2.5340381e+02   3.0985770e+02   2.5029961e+02   3.2928995e+02   2.4742971e+02   3.4916257e+02
   2.5993807e+02   1.7943758e+02   2.5675114e+02   1.9696907e+02   2.5383853e+02   2.1493947e+02   2.5052321e+02   2.3309859e+02   2.4721223e+02   2.5138057e+02   2.4376041e+02   2.6996432e+02   2.4075327e+02   2.8894158e+02   2.3756088e+02   3.0826011e+02   2.3419543e+02   3.2720810e+02   2.3140180e+02   3.4667667e+02
   2.4500305e+02   1.8019215e+02   2.4153446e+02   1.9729884e+02   2.3839890e+02   2.1481915e+02   2.3538671e+02   2.3283437e+02   2.3192343e+02   2.5074987e+02   2.2845250e+02   2.6907675e+02   2.2539287e+02   2.8759651e+02   2.2227987e+02   3.0655250e+02   2.1900138e+02   3.2524525e+02   2.1577693e+02   3.4432088e+02
