   2.7015383e+02   1.5363312e+02   2.8902848e+02   1.8712667e+02   3.0683873e+02   2.1813669e+02   3.2368021e+02   2.4652822e+02   3.3896485e+02   2.7359668e+02   3.5372587e+02   2.9800300e+02   3.6710642e+02   3.2035903e+02   3.7978186e+02   3.4051169e+02   3.9119443e+02   3.5998336e+02   4.0154707e+02   3.7847035e+02
   2.3844146e+02   1.6004686e+02   2.5793948e+02   1.9135507e+02   2.7639065e+02   2.2033577e+02   2.9311542e+02   2.4838078e+02   3.0936051e+02   2.7360571e+02   3.2433821e+02   2.9739329e+02   3.3846815e+02   3.1879443e+02   3.5153419e+02   3.3904609e+02   3.6364946e+02   3.5791725e+02   3.7456623e+02   3.7604619e+02
   2.1027594e+02   1.6532866e+02   2.2995111e+02   1.9465913e+02   2.4788292e+02   2.2332199e+02   2.6525730e+02   2.4955379e+02   2.8133066e+02   2.7466331e+02   2.9725922e+02   2.9670705e+02   3.1137520e+02   3.1812730e+02   3.2519376e+02   3.3738870e+02   3.3765215e+02   3.5590586e+02   3.4935313e+02   3.7347980e+02
   1.8470376e+02   1.6991708e+02   2.0384908e+02   1.9864950e+02   2.2193306e+02   2.2553411e+02   2.3909864e+02   2.5123755e+02   2.5587215e+02   2.7444718e+02   2.7161451e+02   2.9639800e+02   2.8640561e+02   3.1654674e+02   3.0022819e+02   3.3579796e+02   3.1314660e+02   3.5391820e+02   3.2526810e+02   3.7095933e+02
   1.6087902e+02   1.7498065e+02   1.7985587e+02   2.0233372e+02   1.9795308e+02   2.2833823e+02   2.1527050e+02   2.5245148e+02   2.3179756e+02   2.7539368e+02   2.4832626e+02   2.9565133e+02   2.6273150e+02   3.1589333e+02   2.7695444e+02   3.3451983e+02   2.9028714e+02   3.5188050e+02   3.0273878e+02   3.6836056e+02
   1.3877480e+02   1.7962674e+02   1.5782198e+02   2.0575233e+02   1.7600377e+02   2.3025382e+02   1.9312043e+02   2.5362540e+02   2.0961196e+02   2.7563308e+02   2.2631946e+02   2.9526598e+02   2.4110415e+02   3.1436081e+02   2.5526431e+02   3.3267055e+02   2.6865608e+02   3.4969773e+02   2.8138973e+02   3.6589932e+02
   1.1926735e+02   1.8332496e+02   1.3808637e+02   2.0822976e+02   1.5594709e+02   2.3199872e+02   1.7279720e+02   2.5449834e+02   1.8935442e+02   2.7569685e+02   2.0592473e+02   2.9441513e+02   2.2058771e+02   3.1335703e+02   2.3489601e+02   3.3106258e+02   2.4850362e+02   3.4769398e+02   2.6146573e+02   3.6326453e+02
   1.0098041e+02   1.8693917e+02   1.1936505e+02   2.1111441e+02   1.3688692e+02   2.3406851e+02   1.5363143e+02   2.5573361e+02   1.7081681e+02   2.7533762e+02   1.8661299e+02   2.9415102e+02   2.0149947e+02   3.1220019e+02   2.1576730e+02   3.2939713e+02   2.2960956e+02   3.4557814e+02   2.4254025e+02   3.6101455e+02
   8.4355511e+01   1.9081328e+02   1.0192550e+02   2.1409336e+02   1.1972619e+02   2.3582464e+02   1.3659921e+02   2.5645867e+02   1.5323295e+02   2.7564829e+02   1.6835189e+02   2.9447069e+02   1.8357392e+02   3.1182163e+02   1.9784414e+02   3.2856748e+02   2.1174298e+02   3.4435929e+02   2.2469716e+02   3.5959559e+02
   6.8456973e+01   1.9385002e+02   8.6704274e+01   2.1585024e+02   1.0402596e+02   2.3657881e+02   1.2085008e+02   2.5648976e+02   1.3665329e+02   2.7550822e+02   1.5195966e+02   2.9359776e+02   1.6686035e+02   3.1059430e+02   1.8128338e+02   3.2719233e+02   1.9491872e+02   3.4252110e+02   2.0789802e+02   3.5730543e+02
