   3.8675176e+02   2.4632876e+02   3.8443576e+02   2.6145319e+02   3.8214290e+02   2.7674146e+02   3.7996694e+02   2.9230316e+02   3.7747910e+02   3.0777421e+02   3.7539626e+02   3.2347610e+02   3.7311560e+02   3.3927149e+02   3.7111127e+02   3.5511317e+02   3.6869994e+02   3.7079725e+02   3.6615199e+02   3.8661320e+02
   3.7389094e+02   2.4616476e+02   3.7168780e+02   2.6112291e+02   3.6962023e+02   2.7626989e+02   3.6711773e+02   2.9136837e+02   3.6497437e+02   3.0669111e+02   3.6261954e+02   3.2204152e+02   3.6057598e+02   3.3752919e+02   3.5838792e+02   3.5303615e+02   3.5607204e+02   3.6855837e+02   3.5337798e+02   3.8404006e+02
   3.6170814e+02   2.4610664e+02   3.5967495e+02   2.6087057e+02   3.5719510e+02   2.7556892e+02   3.5491972e+02   2.9051921e+02   3.5242394e+02   3.0550180e+02   3.5055026e+02   3.2063936e+02   3.4819266e+02   3.3576910e+02   3.4618801e+02   3.5107643e+02   3.4372612e+02   3.6629426e+02   3.4125620e+02   3.8152660e+02
   3.5005610e+02   2.4616801e+02   3.4767208e+02   2.6049548e+02   3.4536380e+02   2.7508163e+02   3.4283770e+02   2.8962429e+02   3.4075287e+02   3.0447718e+02   3.3855226e+02   3.1930237e+02   3.3647996e+02   3.3421126e+02   3.3420972e+02   3.4917245e+02   3.3189810e+02   3.6407401e+02   3.2940011e+02   3.7905188e+02
   3.3848545e+02   2.4599524e+02   3.3618716e+02   2.6019704e+02   3.3369455e+02   2.7441867e+02   3.3141175e+02   2.8879018e+02   3.2907561e+02   3.0336023e+02   3.2734490e+02   3.1796444e+02   3.2482268e+02   3.3252332e+02   3.2268909e+02   3.4729269e+02   3.2048987e+02   3.6190617e+02   3.1817211e+02   3.7663605e+02
   3.2724552e+02   2.4584087e+02   3.2483403e+02   2.5977444e+02   3.2257009e+02   2.7383950e+02   3.2023986e+02   2.8801200e+02   3.1794137e+02   3.0231215e+02   3.1623270e+02   3.1660149e+02   3.1401442e+02   3.3099534e+02   3.1159190e+02   3.4539230e+02   3.0943584e+02   3.5979794e+02   3.0708018e+02   3.7429826e+02
   3.1670168e+02   2.4580642e+02   3.1441718e+02   2.5956167e+02   3.1199420e+02   2.7337630e+02   3.0959655e+02   2.8728374e+02   3.0731026e+02   3.0128306e+02   3.0567339e+02   3.1536240e+02   3.0331974e+02   3.2941714e+02   3.0112194e+02   3.4357787e+02   2.9878114e+02   3.5772937e+02   2.9664181e+02   3.7196602e+02
   3.0640723e+02   2.4587105e+02   3.0389928e+02   2.5936099e+02   3.0148951e+02   2.7284651e+02   2.9905903e+02   2.8651695e+02   2.9728715e+02   3.0040971e+02   2.9525040e+02   3.1413049e+02   2.9307719e+02   3.2796655e+02   2.9081398e+02   3.4188018e+02   2.8869071e+02   3.5582975e+02   2.8644482e+02   3.6974166e+02
   2.9641436e+02   2.4581869e+02   2.9385946e+02   2.5903312e+02   2.9155814e+02   2.7241310e+02   2.8933820e+02   2.8582911e+02   2.8725607e+02   2.9941936e+02   2.8493807e+02   3.1286143e+02   2.8289053e+02   3.2655856e+02   2.8075236e+02   3.4030846e+02   2.7862402e+02   3.5400322e+02   2.7633664e+02   3.6767323e+02
   2.8670953e+02   2.4577611e+02   2.8446075e+02   2.5887949e+02   2.8228887e+02   2.7199571e+02   2.8006081e+02   2.8528969e+02   2.7768439e+02   2.9851354e+02   2.7544598e+02   3.1175356e+02   2.7340772e+02   3.2521359e+02   2.7120245e+02   3.3865345e+02   2.6909294e+02   3.5214755e+02   2.6681380e+02   3.6561660e+02
