   3.8697270e+02   2.2648161e+02   3.8724369e+02   2.3561415e+02   3.8748538e+02   2.4577384e+02   3.8772450e+02   2.5739270e+02   3.8807358e+02   2.6938012e+02   3.8847550e+02   2.8355160e+02   3.8875753e+02   2.9893237e+02   3.8916150e+02   3.1668470e+02   3.8939876e+02   3.3556838e+02   3.8971374e+02   3.5583755e+02
   3.6255889e+02   2.2699195e+02   3.6181572e+02   2.3660957e+02   3.6112846e+02   2.4742353e+02   3.6015993e+02   2.5809784e+02   3.5922669e+02   2.7084966e+02   3.5813571e+02   2.8475482e+02   3.5693770e+02   3.0036534e+02   3.5560260e+02   3.1773448e+02   3.5415029e+02   3.3658299e+02   3.5232913e+02   3.5658488e+02
   3.3842223e+02   2.2829574e+02   3.3671738e+02   2.3829231e+02   3.3476056e+02   2.4809970e+02   3.3272162e+02   2.5933495e+02   3.3047198e+02   2.7127238e+02   3.2820047e+02   2.8594218e+02   3.2541619e+02   3.0090206e+02   3.2249705e+02   3.1856794e+02   3.1920680e+02   3.3729236e+02   3.1547436e+02   3.5737880e+02
   3.1445704e+02   2.2975478e+02   3.1165665e+02   2.3915526e+02   3.0869049e+02   2.4929821e+02   3.0546389e+02   2.6003078e+02   3.0213224e+02   2.7276846e+02   2.9834793e+02   2.8686920e+02   2.9434425e+02   3.0224320e+02   2.8971142e+02   3.1925597e+02   2.8472913e+02   3.3774572e+02   2.7905075e+02   3.5808859e+02
   2.9070795e+02   2.3044757e+02   2.8707869e+02   2.3974316e+02   2.8311308e+02   2.4971903e+02   2.7874412e+02   2.6080348e+02   2.7419381e+02   2.7315503e+02   2.6936804e+02   2.8801301e+02   2.6375407e+02   3.0246715e+02   2.5780651e+02   3.1936146e+02   2.5122010e+02   3.3806777e+02   2.4379400e+02   3.5820191e+02
   2.6729666e+02   2.3107121e+02   2.6265268e+02   2.4039930e+02   2.5772326e+02   2.5059648e+02   2.5242321e+02   2.6163525e+02   2.4661424e+02   2.7390840e+02   2.4065450e+02   2.8876426e+02   2.3404769e+02   3.0358047e+02   2.2644330e+02   3.1989833e+02   2.1836699e+02   3.3812187e+02   2.0921685e+02   3.5798122e+02
   2.4439202e+02   2.3248889e+02   2.3895779e+02   2.4185282e+02   2.3307683e+02   2.5184765e+02   2.2672817e+02   2.6267385e+02   2.1994213e+02   2.7504592e+02   2.1301658e+02   2.8969758e+02   2.0494779e+02   3.0421267e+02   1.9628637e+02   3.2035879e+02   1.8657124e+02   3.3819073e+02   1.7602021e+02   3.5808828e+02
   2.2170577e+02   2.3381086e+02   2.1532739e+02   2.4292332e+02   2.0862503e+02   2.5273336e+02   2.0131614e+02   2.6348353e+02   1.9415311e+02   2.7648308e+02   1.8577809e+02   2.9029382e+02   1.7659415e+02   3.0489115e+02   1.6663060e+02   3.2104573e+02   1.5587406e+02   3.3858787e+02   1.4375762e+02   3.5805137e+02
   1.9974004e+02   2.3463421e+02   1.9265086e+02   2.4349386e+02   1.8518335e+02   2.5363084e+02   1.7717530e+02   2.6463390e+02   1.6855351e+02   2.7729693e+02   1.5915813e+02   2.8992182e+02   1.4906200e+02   3.0478816e+02   1.3799743e+02   3.2059777e+02   1.2578308e+02   3.3828786e+02   1.1249004e+02   3.5671724e+02
   1.7817809e+02   2.3564182e+02   1.7036987e+02   2.4534814e+02   1.6228792e+02   2.5540761e+02   1.5335197e+02   2.6654043e+02   1.4370553e+02   2.7824887e+02   1.3340380e+02   2.9124055e+02   1.2240716e+02   3.0545736e+02   1.0997488e+02   3.2122299e+02   9.6898031e+01   3.3802362e+02   8.2155353e+01   3.5698043e+02
