   3.5163312e+02   1.2318851e+02   3.5177133e+02   1.4506660e+02   3.5165359e+02   1.6679778e+02   3.5199384e+02   1.8902706e+02   3.5232093e+02   2.1099439e+02   3.5191710e+02   2.3305473e+02   3.5151102e+02   2.5477601e+02   3.5173654e+02   2.7667236e+02   3.5173145e+02   2.9830151e+02   3.5128087e+02   3.1959032e+02
   3.3736717e+02   1.2055807e+02   3.3813019e+02   1.4306552e+02   3.3779275e+02   1.6542207e+02   3.3788940e+02   1.8838405e+02   3.3833916e+02   2.1107763e+02   3.3807581e+02   2.3371907e+02   3.3768261e+02   2.5628466e+02   3.3748252e+02   2.7869578e+02   3.3779563e+02   3.0096132e+02   3.3762385e+02   3.2294070e+02
   3.2238894e+02   1.1788232e+02   3.2308203e+02   1.4103669e+02   3.2317374e+02   1.6411612e+02   3.2314424e+02   1.8766520e+02   3.2339767e+02   2.1113137e+02   3.2343520e+02   2.3453921e+02   3.2301702e+02   2.5769036e+02   3.2317567e+02   2.8089839e+02   3.2274101e+02   3.0373528e+02   3.2321717e+02   3.2643147e+02
   3.0621064e+02   1.1510978e+02   3.0707514e+02   1.3890120e+02   3.0742371e+02   1.6261914e+02   3.0742440e+02   1.8708987e+02   3.0755007e+02   2.1120089e+02   3.0755547e+02   2.3536920e+02   3.0752376e+02   2.5931766e+02   3.0738270e+02   2.8324747e+02   3.0755189e+02   3.0677783e+02   3.0739544e+02   3.3008280e+02
   2.8940963e+02   1.1214543e+02   2.8958495e+02   1.3674548e+02   2.8973343e+02   1.6151037e+02   2.9034459e+02   1.8639549e+02   2.9055457e+02   2.1132786e+02   2.9060696e+02   2.3632643e+02   2.9033617e+02   2.6096093e+02   2.9085074e+02   2.8567600e+02   2.9053343e+02   3.0990547e+02   2.9110636e+02   3.3392993e+02
   2.7135641e+02   1.0908292e+02   2.7179158e+02   1.3444050e+02   2.7128727e+02   1.6000414e+02   2.7130959e+02   1.8588332e+02   2.7155305e+02   2.1145229e+02   2.7165489e+02   2.3731136e+02   2.7211887e+02   2.6266663e+02   2.7232138e+02   2.8822640e+02   2.7266197e+02   3.1322821e+02   2.7307536e+02   3.3804200e+02
   2.5192914e+02   1.0597201e+02   2.5212215e+02   1.3224622e+02   2.5180301e+02   1.5843972e+02   2.5212885e+02   1.8517683e+02   2.5224759e+02   2.1160113e+02   2.5273146e+02   2.3824601e+02   2.5264882e+02   2.6452519e+02   2.5332460e+02   2.9074025e+02   2.5345306e+02   3.1656380e+02   2.5413632e+02   3.4215103e+02
   2.3121708e+02   1.0266449e+02   2.3140722e+02   1.2986591e+02   2.3109913e+02   1.5693401e+02   2.3141789e+02   1.8440400e+02   2.3157564e+02   2.1171287e+02   2.3191769e+02   2.3931158e+02   2.3203532e+02   2.6638640e+02   2.3241102e+02   2.9347348e+02   2.3287925e+02   3.2006398e+02   2.3344363e+02   3.4643047e+02
   2.0929662e+02   9.9300263e+01   2.0922815e+02   1.2738896e+02   2.0903211e+02   1.5545481e+02   2.0940525e+02   1.8360526e+02   2.0955554e+02   2.1194337e+02   2.0977820e+02   2.4034635e+02   2.1026193e+02   2.6839907e+02   2.1075281e+02   2.9635226e+02   2.1132694e+02   3.2387183e+02   2.1208706e+02   3.5094069e+02
   1.8563097e+02   9.5647028e+01   1.8599456e+02   1.2471575e+02   1.8552908e+02   1.5374431e+02   1.8582060e+02   1.8291133e+02   1.8624985e+02   2.1218558e+02   1.8656997e+02   2.4150690e+02   1.8722330e+02   2.7051429e+02   1.8790360e+02   2.9955788e+02   1.8875216e+02   3.2796796e+02   1.8954776e+02   3.5608654e+02
