5.6879219e+002  1.7518222e+002  
5.5438189e+002  2.0526911e+002  
5.4115047e+002  2.3253123e+002  
5.2847072e+002  2.5863648e+002  
5.1645551e+002  2.8248949e+002  
5.0490873e+002  3.0536852e+002  
4.9403132e+002  3.2632056e+002  
4.8367189e+002  3.4593074e+002  
4.7381454e+002  3.6432044e+002  
4.6459649e+002  3.8168394e+002  
4.5573667e+002  3.9786599e+002  
4.4767466e+002  4.1331667e+002
5.3453363e+002  1.7141828e+002  
5.2143840e+002  2.0128212e+002  
5.0857248e+002  2.2979573e+002  
4.9693505e+002  2.5591967e+002  
4.8548683e+002  2.8060743e+002  
4.7474606e+002  3.0350322e+002  
4.6474293e+002  3.2514946e+002  
4.5517911e+002  3.4475438e+002  
4.4609200e+002  3.6359049e+002  
4.3753874e+002  3.8094255e+002  
4.2937615e+002  3.9753436e+002  
4.2193258e+002  4.1274847e+002
4.9945559e+002  1.6664536e+002  
4.8688506e+002  1.9807528e+002  
4.7530855e+002  2.2664893e+002  
4.6438418e+002  2.5364445e+002  
4.5382482e+002  2.7848485e+002  
4.4409739e+002  3.0177127e+002  
4.3482194e+002  3.2358120e+002  
4.2614773e+002  3.4372375e+002  
4.1782249e+002  3.6247508e+002  
4.1027541e+002  3.8010966e+002  
4.0270090e+002  3.9661758e+002  
3.9607374e+002  4.1210307e+002
4.6233533e+002  1.6273503e+002  
4.5099005e+002  1.9422935e+002  
4.4047151e+002  2.2380104e+002  
4.3046289e+002  2.5094094e+002  
4.2114457e+002  2.7634158e+002  
4.1219360e+002  2.9990101e+002  
4.0403339e+002  3.2197367e+002  
3.9610075e+002  3.4230651e+002  
3.8870162e+002  3.6152815e+002  
3.8171296e+002  3.7926040e+002  
3.7531667e+002  3.9583279e+002  
3.6922404e+002  4.1155429e+002
4.2400079e+002  1.5842017e+002  
4.1384665e+002  1.9077680e+002  
4.0453819e+002  2.2055121e+002  
3.9584312e+002  2.4834255e+002  
3.8736374e+002  2.7397199e+002  
3.7966451e+002  2.9788613e+002  
3.7230976e+002  3.2019818e+002  
3.6552063e+002  3.4082802e+002  
3.5893515e+002  3.6004301e+002  
3.5318311e+002  3.7809404e+002  
3.4730940e+002  3.9488832e+002  
3.4228048e+002  4.1066495e+002
3.8453659e+002  1.5443247e+002  
3.7568232e+002  1.8696198e+002  
3.6760640e+002  2.1758097e+002  
3.6018494e+002  2.4560008e+002  
3.5289490e+002  2.7172388e+002  
3.4628517e+002  2.9584819e+002  
3.4009082e+002  3.1846483e+002  
3.3422795e+002  3.3933352e+002  
3.2885201e+002  3.5869464e+002  
3.2372341e+002  3.7675772e+002  
3.1910601e+002  3.9378287e+002  
3.1454390e+002  4.0962618e+002
3.4374329e+002  1.5013869e+002  
3.3649690e+002  1.8349306e+002  
3.2961410e+002  2.1424196e+002  
3.2361723e+002  2.4274338e+002  
3.1755407e+002  2.6918111e+002  
3.1235614e+002  2.9374205e+002  
3.0723956e+002  3.1640556e+002  
3.0250233e+002  3.3760631e+002  
2.9816933e+002  3.5721212e+002  
2.9424650e+002  3.7545870e+002  
2.9023603e+002  3.9235126e+002  
2.8691043e+002  4.0844699e+002
3.0231681e+002  1.4629415e+002  
2.9644913e+002  1.7990982e+002  
2.9132193e+002  2.1113460e+002  
2.8639076e+002  2.3995043e+002  
2.8201962e+002  2.6669395e+002  
2.7771183e+002  2.9145694e+002  
2.7412582e+002  3.1440214e+002  
2.7021569e+002  3.3564879e+002  
2.6716760e+002  3.5548777e+002  
2.6405622e+002  3.7391194e+002  
2.6137951e+002  3.9101396e+002  
2.5858168e+002  4.0717376e+002
2.6000704e+002  1.4242017e+002  
2.5593232e+002  1.7650486e+002  
2.5214870e+002  2.0792683e+002  
2.4872930e+002  2.3698681e+002  
2.4566817e+002  2.6397422e+002  
2.4300093e+002  2.8898688e+002  
2.4034435e+002  3.1207442e+002  
2.3790798e+002  3.3357593e+002  
2.3563183e+002  3.5363571e+002  
2.3393617e+002  3.7206462e+002  
2.3182728e+002  3.8947455e+002  
2.3055683e+002  4.0564186e+002
2.1767977e+002  1.3869538e+002  
2.1511568e+002  1.7306122e+002  
2.1311906e+002  2.0480144e+002  
2.1085033e+002  2.3412622e+002  
2.0958160e+002  2.6134995e+002  
2.0790233e+002  2.8637406e+002  
2.0663494e+002  3.0977366e+002  
2.0523849e+002  3.3130945e+002  
2.0443829e+002  3.5150762e+002  
2.0332877e+002  3.7013282e+002  
2.0265790e+002  3.8761099e+002  
2.0169844e+002  4.0390605e+002
1.7475636e+002  1.3510591e+002  
1.7411329e+002  1.6969996e+002  
1.7330643e+002  2.0160189e+002  
1.7294781e+002  2.3112901e+002  
1.7274290e+002  2.5850348e+002  
1.7270359e+002  2.8374408e+002  
1.7253208e+002  3.0727999e+002  
1.7269727e+002  3.2884295e+002  
1.7259162e+002  3.4910278e+002  
1.7293871e+002  3.6796885e+002  
1.7289185e+002  3.8554784e+002  
1.7342167e+002  4.0190578e+002
1.3265694e+002  1.3159822e+002  
1.3345354e+002  1.6651439e+002  
1.3449476e+002  1.9848098e+002  
1.3526234e+002  2.2806621e+002  
1.3669450e+002  2.5551619e+002  
1.3761335e+002  2.8100226e+002  
1.3887060e+002  3.0455056e+002  
1.3997037e+002  3.2638572e+002  
1.4146671e+002  3.4671267e+002  
1.4235019e+002  3.6566856e+002  
1.4368538e+002  3.8334730e+002  
1.4469235e+002  3.9980608e+002
9.0535208e+001  1.2882863e+002  
9.3094281e+001  1.6330985e+002  
9.5455643e+001  1.9562912e+002  
9.8163972e+001  2.2520244e+002  
1.0042501e+002  2.5268149e+002  
1.0310516e+002  2.7809085e+002  
1.0516029e+002  3.0194967e+002  
1.0770432e+002  3.2375398e+002  
1.0984224e+002  3.4424478e+002  
1.1231426e+002  3.6331287e+002  
1.1422251e+002  3.8115520e+002  
1.1644647e+002  3.9771531e+002