5.6274454e+002  8.6364990e+001  
5.6278892e+002  1.0699390e+002  
5.6258209e+002  1.2795378e+002  
5.6247351e+002  1.5114156e+002  
5.6170960e+002  1.7471964e+002  
5.6126585e+002  2.0132811e+002  
5.5999746e+002  2.2796801e+002  
5.5888022e+002  2.5815481e+002  
5.5714112e+002  2.8889114e+002  
5.5542697e+002  3.2255091e+002  
5.5271421e+002  3.5758308e+002  
5.5009758e+002  3.9547574e+002
5.3307767e+002  8.8680106e+001  
5.3203117e+002  1.0820707e+002  
5.3093250e+002  1.2986452e+002  
5.2977339e+002  1.5195512e+002  
5.2836674e+002  1.7629554e+002  
5.2654322e+002  2.0143613e+002  
5.2442264e+002  2.2882925e+002  
5.2194976e+002  2.5761870e+002  
5.1941212e+002  2.8870362e+002  
5.1595759e+002  3.2115075e+002  
5.1259056e+002  3.5610195e+002  
5.0816430e+002  3.9263915e+002
5.0388889e+002  9.0186613e+001  
5.0218461e+002  1.1036995e+002  
5.0016666e+002  1.3104841e+002  
4.9789330e+002  1.5361773e+002  
4.9563110e+002  1.7695997e+002  
4.9286015e+002  2.0246544e+002  
4.8967209e+002  2.2879939e+002  
4.8637364e+002  2.5774763e+002  
4.8236556e+002  2.8780592e+002  
4.7841552e+002  3.1995879e+002  
4.7327456e+002  3.5400296e+002  
4.6841986e+002  3.9019148e+002
4.7523820e+002  9.2513963e+001  
4.7257477e+002  1.1184816e+002  
4.6979035e+002  1.3288253e+002  
4.6661283e+002  1.5464232e+002  
4.6355850e+002  1.7830492e+002  
4.5963648e+002  2.0285361e+002  
4.5559476e+002  2.2944742e+002  
4.5111428e+002  2.5752684e+002  
4.4647031e+002  2.8730472e+002  
4.4079801e+002  3.1861810e+002  
4.3525286e+002  3.5218360e+002  
4.2872165e+002  3.8745730e+002
4.4726157e+002  9.4387216e+001  
4.4369061e+002  1.1405998e+002  
4.4031388e+002  1.3444121e+002  
4.3618158e+002  1.5637206e+002  
4.3220410e+002  1.7931980e+002  
4.2763945e+002  2.0382992e+002  
4.2237653e+002  2.2961325e+002  
4.1727894e+002  2.5744872e+002  
4.1132869e+002  2.8642397e+002  
4.0526330e+002  3.1747476e+002  
3.9825130e+002  3.4995722e+002  
3.9124739e+002  3.8451840e+002
4.1977265e+002  9.6754178e+001  
4.1561526e+002  1.1585364e+002  
4.1146945e+002  1.3628907e+002  
4.0651481e+002  1.5764330e+002  
4.0183030e+002  1.8044006e+002  
3.9634153e+002  2.0450710e+002  
3.9041298e+002  2.3002921e+002  
3.8404966e+002  2.5728899e+002  
3.7766526e+002  2.8577155e+002  
3.7041108e+002  3.1591403e+002  
3.6307414e+002  3.4791858e+002  
3.5454336e+002  3.8163236e+002
3.9306834e+002  9.8867510e+001  
3.8830939e+002  1.1810416e+002  
3.8331753e+002  1.3796992e+002  
3.7764470e+002  1.5932883e+002  
3.7228123e+002  1.8165661e+002  
3.6613679e+002  2.0544511e+002  
3.5927481e+002  2.3034926e+002  
3.5251768e+002  2.5719169e+002  
3.4490589e+002  2.8509336e+002  
3.3733833e+002  3.1459045e+002  
3.2869528e+002  3.4569928e+002  
3.2014792e+002  3.7854539e+002
3.6713879e+002  1.0132322e+002  
3.6173491e+002  1.2004209e+002  
3.5619085e+002  1.3990903e+002  
3.4969766e+002  1.6075555e+002  
3.4375718e+002  1.8285282e+002  
3.3671653e+002  2.0621252e+002  
3.2949345e+002  2.3070230e+002  
3.2171707e+002  2.5688743e+002  
3.1381612e+002  2.8429500e+002  
3.0514821e+002  3.1319966e+002  
2.9638126e+002  3.4364005e+002  
2.8664890e+002  3.7553506e+002
3.4188265e+002  1.0368809e+002  
3.3592970e+002  1.2230257e+002  
3.2965241e+002  1.4182420e+002  
3.2292439e+002  1.6237291e+002  
3.1606417e+002  1.8403621e+002  
3.0867105e+002  2.0715433e+002  
3.0060579e+002  2.3121668e+002  
2.9260176e+002  2.5674253e+002  
2.8367896e+002  2.8364591e+002  
2.7480773e+002  3.1179052e+002  
2.6516814e+002  3.4145905e+002  
2.5536627e+002  3.7242178e+002
3.1763083e+002  1.0610947e+002  
3.1106705e+002  1.2446083e+002  
3.0441641e+002  1.4377531e+002  
2.9697283e+002  1.6405267e+002  
2.8972263e+002  1.8545248e+002  
2.8163017e+002  2.0784581e+002  
2.7316417e+002  2.3158480e+002  
2.6436696e+002  2.5651229e+002  
2.5536374e+002  2.8282707e+002  
2.4560183e+002  3.1022750e+002  
2.3578294e+002  3.3934520e+002  
2.2506708e+002  3.6950536e+002
2.9394421e+002  1.0856303e+002  
2.8690934e+002  1.2666740e+002  
2.7963012e+002  1.4568836e+002  
2.7188654e+002  1.6570995e+002  
2.6397271e+002  1.8663882e+002  
2.5563328e+002  2.0868730e+002  
2.4663398e+002  2.3182177e+002  
2.3758073e+002  2.5635630e+002  
2.2778057e+002  2.8201802e+002  
2.1800101e+002  3.0885933e+002  
2.0749397e+002  3.3698326e+002  
1.9681394e+002  3.6639331e+002
2.7132856e+002  1.1089763e+002  
2.6380290e+002  1.2879470e+002  
2.5620171e+002  1.4762027e+002  
2.4789241e+002  1.6734844e+002  
2.3973994e+002  1.8786720e+002  
2.3079927e+002  2.0964297e+002  
2.2155791e+002  2.3214199e+002  
2.1199607e+002  2.5622026e+002  
2.0199762e+002  2.8142601e+002  
1.9158636e+002  3.0750621e+002  
1.8089826e+002  3.3478980e+002  
1.6961676e+002  3.6348230e+002
2.4925346e+002  1.1340985e+002  
2.4151196e+002  1.3105375e+002  
2.3337490e+002  1.4957075e+002  
2.2482885e+002  1.6882128e+002  
2.1619194e+002  1.8920997e+002  
2.0733199e+002  2.1036880e+002  
1.9731245e+002  2.3255420e+002  
1.8746785e+002  2.5594565e+002  
1.7721458e+002  2.8050918e+002  
1.6673239e+002  3.0590855e+002  
1.5532621e+002  3.3262430e+002  
1.4436555e+002  3.6048305e+002