4.6615722e+002  1.3043339e+002  
4.7006696e+002  1.4971815e+002  
4.7332139e+002  1.6918656e+002  
4.7749835e+002  1.9010374e+002  
4.8085672e+002  2.1137801e+002  
4.8509151e+002  2.3400904e+002  
4.8867698e+002  2.5714479e+002  
4.9284680e+002  2.8175948e+002  
4.9658906e+002  3.0691965e+002  
5.0078481e+002  3.3350681e+002  
5.0450427e+002  3.6050452e+002  
5.0896778e+002  3.8911307e+002
4.4342650e+002  1.2836013e+002  
4.4638206e+002  1.4718666e+002  
4.4960767e+002  1.6744147e+002  
4.5325081e+002  1.8797892e+002  
4.5648481e+002  2.0968058e+002  
4.5977908e+002  2.3235041e+002  
4.6326771e+002  2.5586693e+002  
4.6652531e+002  2.8039377e+002  
4.7027641e+002  3.0612997e+002  
4.7326391e+002  3.3242595e+002  
4.7737697e+002  3.6034230e+002  
4.8053050e+002  3.8887976e+002
4.1997834e+002  1.2591635e+002  
4.2280212e+002  1.4529339e+002  
4.2537760e+002  1.6514581e+002  
4.2854354e+002  1.8606801e+002  
4.3115759e+002  2.0777246e+002  
4.3420619e+002  2.3060911e+002  
4.3689102e+002  2.5425537e+002  
4.4015963e+002  2.7942229e+002  
4.4296480e+002  3.0506927e+002  
4.4602665e+002  3.3192690e+002  
4.4886266e+002  3.5977007e+002  
4.5244298e+002  3.8874723e+002
3.9623469e+002  1.2372202e+002  
3.9843596e+002  1.4281084e+002  
4.0057171e+002  1.6320023e+002  
4.0296489e+002  1.8406086e+002  
4.0547032e+002  2.0591745e+002  
4.0762968e+002  2.2883407e+002  
4.1017773e+002  2.5279089e+002  
4.1247806e+002  2.7785723e+002  
4.1529315e+002  3.0386870e+002  
4.1718843e+002  3.3096142e+002  
4.2023211e+002  3.5932562e+002  
4.2241874e+002  3.8835804e+002
3.7201958e+002  1.2142243e+002  
3.7393319e+002  1.4079113e+002  
3.7519847e+002  1.6099437e+002  
3.7738149e+002  1.8209770e+002  
3.7904180e+002  2.0414934e+002  
3.8116256e+002  2.2733667e+002  
3.8266384e+002  2.5125652e+002  
3.8467674e+002  2.7650137e+002  
3.8647534e+002  3.0261334e+002  
3.8842733e+002  3.3005983e+002  
3.9031033e+002  3.5835609e+002  
3.9257974e+002  3.8795934e+002
3.4764974e+002  1.1944634e+002  
3.4875599e+002  1.3877513e+002  
3.4981132e+002  1.5916733e+002  
3.5110276e+002  1.8020975e+002  
3.5256496e+002  2.0231941e+002  
3.5381981e+002  2.2558182e+002  
3.5492299e+002  2.4973986e+002  
3.5610914e+002  2.7520038e+002  
3.5764402e+002  3.0153104e+002  
3.5853546e+002  3.2894325e+002  
3.6045659e+002  3.5764340e+002  
3.6146390e+002  3.8747716e+002
3.2281677e+002  1.1731729e+002  
3.2351279e+002  1.3669789e+002  
3.2377084e+002  1.5709249e+002  
3.2466627e+002  1.7830737e+002  
3.2536264e+002  2.0049843e+002  
3.2628169e+002  2.2381131e+002  
3.2659749e+002  2.4808091e+002  
3.2740836e+002  2.7369243e+002  
3.2789141e+002  3.0016111e+002  
3.2868831e+002  3.2781348e+002  
3.2947125e+002  3.5644931e+002  
3.3050691e+002  3.8653793e+002
2.9785927e+002  1.1542910e+002  
2.9779151e+002  1.3476043e+002  
2.9792318e+002  1.5526854e+002  
2.9781408e+002  1.7647705e+002  
2.9819875e+002  1.9869667e+002  
2.9815178e+002  2.2217135e+002  
2.9812218e+002  2.4644388e+002  
2.9805348e+002  2.7209448e+002  
2.9830773e+002  2.9869600e+002  
2.9814426e+002  3.2646933e+002  
2.9861495e+002  3.5555187e+002  
2.9844119e+002  3.8564104e+002
2.7254172e+002  1.1353391e+002  
2.7216051e+002  1.3301509e+002  
2.7155131e+002  1.5350050e+002  
2.7093194e+002  1.7466952e+002  
2.7041974e+002  1.9701603e+002  
2.6999257e+002  2.2041576e+002  
2.6916839e+002  2.4477091e+002  
2.6870435e+002  2.7047100e+002  
2.6792183e+002  2.9740378e+002  
2.6765489e+002  3.2531699e+002  
2.6690758e+002  3.5422726e+002  
2.6660375e+002  3.8443576e+002
2.4750286e+002  1.1177605e+002  
2.4624556e+002  1.3137001e+002  
2.4527002e+002  1.5171014e+002  
2.4390106e+002  1.7313098e+002  
2.4291996e+002  1.9546167e+002  
2.4157806e+002  2.1876322e+002  
2.4034838e+002  2.4334315e+002  
2.3886048e+002  2.6889731e+002  
2.3779800e+002  2.9579677e+002  
2.3658551e+002  3.2371532e+002  
2.3551784e+002  3.5283541e+002  
2.3406296e+002  3.8330746e+002
2.2183949e+002  1.1023210e+002  
2.2029707e+002  1.2965998e+002  
2.1845456e+002  1.5010536e+002  
2.1662206e+002  1.7142827e+002  
2.1483417e+002  1.9372448e+002  
2.1314661e+002  2.1722320e+002  
2.1101528e+002  2.4163225e+002  
2.0927689e+002  2.6740557e+002  
2.0718951e+002  2.9420112e+002  
2.0560367e+002  3.2198394e+002  
2.0348109e+002  3.5138096e+002  
2.0174635e+002  3.8172545e+002
1.9667817e+002  1.0857237e+002  
1.9433557e+002  1.2811754e+002  
1.9213965e+002  1.4842082e+002  
1.8946541e+002  1.6980068e+002  
1.8733598e+002  1.9201681e+002  
1.8457462e+002  2.1554608e+002  
1.8221266e+002  2.3984562e+002  
1.7948212e+002  2.6566954e+002  
1.7706436e+002  2.9242698e+002  
1.7440665e+002  3.2035323e+002  
1.7213517e+002  3.4966365e+002  
1.6928988e+002  3.8000691e+002
1.7133738e+002  1.0728342e+002  
1.6842909e+002  1.2656793e+002  
1.6544329e+002  1.4698919e+002  
1.6245769e+002  1.6813470e+002  
1.5952812e+002  1.9049756e+002  
1.5651860e+002  2.1385128e+002  
1.5291090e+002  2.3824793e+002  
1.4992713e+002  2.6386541e+002  
1.4650856e+002  2.9069916e+002  
1.4361173e+002  3.1856273e+002  
1.4014703e+002  3.4780579e+002  
1.3719258e+002  3.7815278e+002