4.9501520e+002  1.4648183e+002  
4.9527405e+002  1.6646019e+002  
4.9543950e+002  1.8673258e+002  
4.9553900e+002  2.0851664e+002  
4.9527842e+002  2.3067481e+002  
4.9522383e+002  2.5443005e+002  
4.9459863e+002  2.7853970e+002  
4.9440320e+002  3.0437789e+002  
4.9317857e+002  3.3078774e+002  
4.9280294e+002  3.5876134e+002  
4.9151718e+002  3.8744783e+002  
4.9055623e+002  4.1754243e+002
4.7095429e+002  1.4223644e+002  
4.7031269e+002  1.6161734e+002  
4.7028970e+002  1.8236085e+002  
4.6964418e+002  2.0374375e+002  
4.6916212e+002  2.2617498e+002  
4.6820129e+002  2.4967732e+002  
4.6730722e+002  2.7411578e+002  
4.6603530e+002  2.9981949e+002  
4.6491647e+002  3.2643422e+002  
4.6324874e+002  3.5406567e+002  
4.6198476e+002  3.8334257e+002  
4.5968745e+002  4.1286589e+002
4.4657786e+002  1.3734310e+002  
4.4553516e+002  1.5737145e+002  
4.4468335e+002  1.7760814e+002  
4.4372251e+002  1.9930979e+002  
4.4243632e+002  2.2145931e+002  
4.4115968e+002  2.4521566e+002  
4.3950399e+002  2.6935539e+002  
4.3791852e+002  2.9540456e+002  
4.3587919e+002  3.2179671e+002  
4.3426934e+002  3.4962787e+002  
4.3150233e+002  3.7838822e+002  
4.2954915e+002  4.0849931e+002
4.2185068e+002  1.3311867e+002  
4.2050443e+002  1.5255776e+002  
4.1886342e+002  1.7325994e+002  
4.1736156e+002  1.9447462e+002  
4.1560801e+002  2.1684854e+002  
4.1347349e+002  2.4028461e+002  
4.1146561e+002  2.6463222e+002  
4.0888453e+002  2.9031681e+002  
4.0677261e+002  3.1711939e+002  
4.0374065e+002  3.4467062e+002  
4.0121960e+002  3.7370235e+002  
3.9776191e+002  4.0377546e+002
3.9703508e+002  1.2855881e+002  
3.9514096e+002  1.4813553e+002  
3.9281651e+002  1.6854440e+002  
3.9088879e+002  1.8980673e+002  
3.8837494e+002  2.1216081e+002  
3.8581669e+002  2.3560001e+002  
3.8287015e+002  2.5989226e+002  
3.8015350e+002  2.8560157e+002  
3.7692416e+002  3.1215914e+002  
3.7388219e+002  3.3980474e+002  
3.7004230e+002  3.6866745e+002  
3.6652318e+002  3.9883830e+002
3.7221990e+002  1.2435702e+002  
3.6955301e+002  1.4372519e+002  
3.6672865e+002  1.6401485e+002  
3.6415484e+002  1.8522825e+002  
3.6121716e+002  2.0758457e+002  
3.5792179e+002  2.3077371e+002  
3.5447518e+002  2.5521290e+002  
3.5073496e+002  2.8057502e+002  
3.4737304e+002  3.0732216e+002  
3.4320804e+002  3.3477565e+002  
3.3929894e+002  3.6368857e+002  
3.3457588e+002  3.9369892e+002
3.4700037e+002  1.2006128e+002  
3.4403475e+002  1.3946115e+002  
3.4044030e+002  1.5953658e+002  
3.3736477e+002  1.8072588e+002  
3.3360045e+002  2.0279184e+002  
3.3008507e+002  2.2600770e+002  
3.2575335e+002  2.5027760e+002  
3.2172759e+002  2.7574581e+002  
3.1733736e+002  3.0217869e+002  
3.1261370e+002  3.2977753e+002  
3.0783601e+002  3.5830734e+002  
3.0317918e+002  3.8822116e+002
3.2203338e+002  1.1591989e+002  
3.1839743e+002  1.3512480e+002  
3.1453109e+002  1.5535637e+002  
3.1046848e+002  1.7637508e+002  
3.0648227e+002  1.9819627e+002  
3.0193174e+002  2.2141646e+002  
2.9733268e+002  2.4553852e+002  
2.9233007e+002  2.7065515e+002  
2.8745861e+002  2.9715736e+002  
2.8212396e+002  3.2441828e+002  
2.7702462e+002  3.5315467e+002  
2.7104299e+002  3.8270801e+002
2.9692804e+002  1.1199629e+002  
2.9280988e+002  1.3110422e+002  
2.8841278e+002  1.5106516e+002  
2.8381298e+002  1.7188821e+002  
2.7907340e+002  1.9380134e+002  
2.7412795e+002  2.1667996e+002  
2.6865892e+002  2.4053144e+002  
2.6340983e+002  2.6577499e+002  
2.5750280e+002  2.9192770e+002  
2.5192067e+002  3.1929943e+002  
2.4573115e+002  3.4766234e+002  
2.3972597e+002  3.7725568e+002
2.7228906e+002  1.0811266e+002  
2.6740596e+002  1.2705524e+002  
2.6252219e+002  1.4694333e+002  
2.5719930e+002  1.6772918e+002  
2.5212988e+002  1.8946088e+002  
2.4637256e+002  2.1219438e+002  
2.4048465e+002  2.3579686e+002  
2.3435237e+002  2.6073033e+002  
2.2822574e+002  2.8674118e+002  
2.2169888e+002  3.1384572e+002  
2.1536858e+002  3.4195814e+002  
2.0815211e+002  3.7139297e+002
2.4742968e+002  1.0441961e+002  
2.4209674e+002  1.2330087e+002  
2.3655821e+002  1.4293834e+002  
2.3068749e+002  1.6354857e+002  
2.2498138e+002  1.8504450e+002  
2.1882223e+002  2.0761512e+002  
2.1231960e+002  2.3098806e+002  
2.0567487e+002  2.5580706e+002  
1.9870466e+002  2.8164367e+002  
1.9207953e+002  3.0835097e+002  
1.8463870e+002  3.3638059e+002  
1.7741928e+002  3.6556450e+002
2.2312176e+002  1.0071838e+002  
2.1719359e+002  1.1951797e+002  
2.1116011e+002  1.3896168e+002  
2.0455547e+002  1.5942818e+002  
1.9843178e+002  1.8068928e+002  
1.9162963e+002  2.0314685e+002  
1.8478612e+002  2.2627256e+002  
1.7737645e+002  2.5083984e+002  
1.7014788e+002  2.7640579e+002  
1.6248500e+002  3.0292539e+002  
1.5461125e+002  3.3070856e+002  
1.4664163e+002  3.5956508e+002
1.9868442e+002  9.7337946e+001  
1.9242147e+002  1.1585456e+002  
1.8580022e+002  1.3525203e+002  
1.7910680e+002  1.5546619e+002  
1.7192873e+002  1.7656865e+002  
1.6509492e+002  1.9872435e+002  
1.5726743e+002  2.2179021e+002  
1.4954249e+002  2.4589793e+002  
1.4153997e+002  2.7132994e+002  
1.3356806e+002  2.9761516e+002  
1.2512327e+002  3.2493417e+002  
1.1680247e+002  3.5359464e+002