4.3365535e+002  1.9548177e+002  
4.3843669e+002  2.0853272e+002  
4.4331397e+002  2.2219207e+002  
4.4847736e+002  2.3654429e+002  
4.5352791e+002  2.5169276e+002  
4.5945301e+002  2.6786608e+002  
4.6495102e+002  2.8451491e+002  
4.7154774e+002  3.0273850e+002  
4.7769425e+002  3.2168130e+002  
4.8479716e+002  3.4185006e+002  
4.9161953e+002  3.6318976e+002  
4.9958964e+002  3.8584092e+002
4.1283234e+002  1.9397392e+002  
4.1669035e+002  2.0697413e+002  
4.2140090e+002  2.2076727e+002  
4.2570801e+002  2.3528027e+002  
4.3065211e+002  2.5050811e+002  
4.3543269e+002  2.6653752e+002  
4.4096078e+002  2.8371601e+002  
4.4640439e+002  3.0179869e+002  
4.5250022e+002  3.2116084e+002  
4.5831704e+002  3.4139453e+002  
4.6504966e+002  3.6296759e+002  
4.7139578e+002  3.8579134e+002
3.9152702e+002  1.9239148e+002  
3.9527096e+002  2.0563497e+002  
3.9892936e+002  2.1945712e+002  
4.0308921e+002  2.3387723e+002  
4.0717422e+002  2.4934627e+002  
4.1164983e+002  2.6559616e+002  
4.1604696e+002  2.8246608e+002  
4.2129219e+002  3.0105170e+002  
4.2607217e+002  3.2017617e+002  
4.3189562e+002  3.4075025e+002  
4.3715258e+002  3.6245857e+002  
4.4359240e+002  3.8580291e+002
3.7014018e+002  1.9100570e+002  
3.7289710e+002  2.0400232e+002  
3.7629049e+002  2.1796110e+002  
3.7960939e+002  2.3241673e+002  
3.8326671e+002  2.4793402e+002  
3.8676607e+002  2.6418086e+002  
3.9100337e+002  2.8163173e+002  
3.9495220e+002  2.9994072e+002  
3.9971657e+002  3.1952482e+002  
4.0402605e+002  3.4012016e+002  
4.0917886e+002  3.6213484e+002  
4.1397013e+002  3.8555978e+002
3.4814607e+002  1.8948622e+002  
3.5059632e+002  2.0259891e+002  
3.5312258e+002  2.1651781e+002  
3.5615591e+002  2.3133768e+002  
3.5874864e+002  2.4657380e+002  
3.6216360e+002  2.6323410e+002  
3.6504215e+002  2.8031636e+002  
3.6878242e+002  2.9907477e+002  
3.7214669e+002  3.1846690e+002  
3.7637907e+002  3.3951232e+002  
3.8008122e+002  3.6162579e+002  
3.8460373e+002  3.8528626e+002
3.2616488e+002  1.8793727e+002  
3.2798287e+002  2.0137112e+002  
3.2995943e+002  2.1535623e+002  
3.3214462e+002  2.2982261e+002  
3.3447978e+002  2.4545311e+002  
3.3662961e+002  2.6180230e+002  
3.3927206e+002  2.7938307e+002  
3.4166807e+002  2.9784970e+002  
3.4478301e+002  3.1767246e+002  
3.4754610e+002  3.3847961e+002  
3.5088274e+002  3.6091861e+002  
3.5374650e+002  3.8460109e+002
3.0360063e+002  1.8653737e+002  
3.0508984e+002  1.9982361e+002  
3.0632747e+002  2.1373798e+002  
3.0793647e+002  2.2842746e+002  
3.0933480e+002  2.4395529e+002  
3.1109865e+002  2.6048636e+002  
3.1260347e+002  2.7795492e+002  
3.1456732e+002  2.9670590e+002  
3.1642794e+002  3.1645093e+002  
3.1880333e+002  3.3768398e+002  
3.2075576e+002  3.5995479e+002  
3.2336687e+002  3.8399099e+002
2.8137132e+002  1.8533512e+002  
2.8185408e+002  1.9838651e+002  
2.8263931e+002  2.1235254e+002  
2.8341744e+002  2.2720432e+002  
2.8434596e+002  2.4261643e+002  
2.8511150e+002  2.5938244e+002  
2.8605930e+002  2.7668267e+002  
2.8692564e+002  2.9564840e+002  
2.8834366e+002  3.1552822e+002  
2.8925926e+002  3.3645979e+002  
2.9073554e+002  3.5924546e+002  
2.9169388e+002  3.8321843e+002
2.5854764e+002  1.8385165e+002  
2.5877993e+002  1.9723568e+002  
2.5867278e+002  2.1114726e+002  
2.5897274e+002  2.2577667e+002  
2.5883311e+002  2.4148732e+002  
2.5913353e+002  2.5792756e+002  
2.5906527e+002  2.7555883e+002  
2.5927208e+002  2.9429902e+002  
2.5944869e+002  3.1417862e+002  
2.5986630e+002  3.3553314e+002  
2.5990728e+002  3.5803252e+002  
2.6044694e+002  3.8225180e+002
2.3604707e+002  1.8253729e+002  
2.3544534e+002  1.9576018e+002  
2.3487562e+002  2.0977396e+002  
2.3422102e+002  2.2444868e+002  
2.3358797e+002  2.3997126e+002  
2.3275014e+002  2.5657715e+002  
2.3219698e+002  2.7405056e+002  
2.3126081e+002  2.9302215e+002  
2.3087015e+002  3.1299466e+002  
2.2982398e+002  3.3415471e+002  
2.2944800e+002  3.5684091e+002  
2.2837898e+002  3.8117185e+002
2.1309568e+002  1.8137029e+002  
2.1216552e+002  1.9445098e+002  
2.1060499e+002  2.0841518e+002  
2.0947982e+002  2.2327228e+002  
2.0778526e+002  2.3865805e+002  
2.0653652e+002  2.5540110e+002  
2.0476976e+002  2.7273983e+002  
2.0334189e+002  2.9169466e+002  
2.0165490e+002  3.1168996e+002  
2.0005276e+002  3.3280185e+002  
1.9831042e+002  3.5561157e+002  
1.9662357e+002  3.7978343e+002
1.9055522e+002  1.7999512e+002  
1.8868562e+002  1.9334336e+002  
1.8672876e+002  2.0726032e+002  
1.8462417e+002  2.2186105e+002  
1.8257579e+002  2.3748276e+002  
1.8027655e+002  2.5393261e+002  
1.7794950e+002  2.7150836e+002  
1.7535842e+002  2.9017730e+002  
1.7311302e+002  3.1005446e+002  
1.7001529e+002  3.3149855e+002  
1.6770034e+002  3.5397783e+002  
1.6462931e+002  3.7831470e+002
1.6768840e+002  1.7893297e+002  
1.6551532e+002  1.9193710e+002  
1.6264113e+002  2.0589177e+002  
1.6011283e+002  2.2046030e+002  
1.5695699e+002  2.3605516e+002  
1.5426735e+002  2.5250436e+002  
1.5066995e+002  2.7003071e+002  
1.4747861e+002  2.8868250e+002  
1.4408383e+002  3.0868033e+002  
1.4038599e+002  3.2981256e+002  
1.3659874e+002  3.5239611e+002  
1.3293152e+002  3.7665823e+002