4.4864037e+002  2.3247333e+002  
4.4745231e+002  2.4645573e+002  
4.4610748e+002  2.6143473e+002  
4.4461350e+002  2.7701924e+002  
4.4304763e+002  2.9371286e+002  
4.4138034e+002  3.1169021e+002  
4.3958108e+002  3.3039353e+002  
4.3747987e+002  3.5079474e+002  
4.3505370e+002  3.7218565e+002  
4.3267184e+002  3.9539961e+002  
4.2960218e+002  4.1971310e+002  
4.2677181e+002  4.4644734e+002
4.3179018e+002  2.1762239e+002  
4.3008151e+002  2.3155364e+002  
4.2824126e+002  2.4606300e+002  
4.2627149e+002  2.6160658e+002  
4.2411018e+002  2.7814002e+002  
4.2165612e+002  2.9553882e+002  
4.1932747e+002  3.1433295e+002  
4.1643730e+002  3.3426234e+002  
4.1353943e+002  3.5583142e+002  
4.1003930e+002  3.7841887e+002  
4.0663556e+002  4.0320311e+002  
4.0252552e+002  4.2918777e+002
4.1457477e+002  2.0301374e+002  
4.1240347e+002  2.1631244e+002  
4.0988750e+002  2.3065779e+002  
4.0742850e+002  2.4572851e+002  
4.0456338e+002  2.6199192e+002  
4.0165809e+002  2.7931877e+002  
3.9848321e+002  2.9756062e+002  
3.9491066e+002  3.1754320e+002  
3.9108838e+002  3.3864515e+002  
3.8707512e+002  3.6128676e+002  
3.8245025e+002  3.8549189e+002  
3.7777646e+002  4.1192022e+002
3.9682720e+002  1.8754707e+002  
3.9412915e+002  2.0089447e+002  
3.9113946e+002  2.1471213e+002  
3.8786121e+002  2.2959600e+002  
3.8452729e+002  2.4539872e+002  
3.8077582e+002  2.6234315e+002  
3.7680280e+002  2.8044098e+002  
3.7245130e+002  2.9990181e+002  
3.6787339e+002  3.2075865e+002  
3.6275568e+002  3.4312338e+002  
3.5748549e+002  3.6734655e+002  
3.5143599e+002  3.9316105e+002
3.7872789e+002  1.7228816e+002  
3.7540351e+002  1.8487773e+002  
3.7177525e+002  1.9871800e+002  
3.6794641e+002  2.1305555e+002  
3.6381794e+002  2.2854005e+002  
3.5947222e+002  2.4503624e+002  
3.5466352e+002  2.6273273e+002  
3.4945041e+002  2.8188183e+002  
3.4385254e+002  3.0235994e+002  
3.3806028e+002  3.2454751e+002  
3.3143803e+002  3.4820739e+002  
3.2453283e+002  3.7410624e+002
3.6015711e+002  1.5654501e+002  
3.5615650e+002  1.6905581e+002  
3.5206724e+002  1.8217782e+002  
3.4753889e+002  1.9629935e+002  
3.4265506e+002  2.1120802e+002  
3.3752850e+002  2.2740929e+002  
3.3191334e+002  2.4461647e+002  
3.2565791e+002  2.6329332e+002  
3.1928181e+002  2.8337997e+002  
3.1217296e+002  3.0507167e+002  
3.0469947e+002  3.2856011e+002  
2.9626528e+002  3.5377764e+002
3.4139594e+002  1.4075225e+002  
3.3675048e+002  1.5253222e+002  
3.3166430e+002  1.6554362e+002  
3.2659841e+002  1.7894585e+002  
3.2102693e+002  1.9369808e+002  
3.1506197e+002  2.0928277e+002  
3.0850940e+002  2.2607265e+002  
3.0148156e+002  2.4432736e+002  
2.9384351e+002  2.6388338e+002  
2.8574035e+002  2.8507392e+002  
2.7691606e+002  3.0796083e+002  
2.6757452e+002  3.3290856e+002
3.2232958e+002  1.2460775e+002  
3.1697088e+002  1.3629115e+002  
3.1137303e+002  1.4849568e+002  
3.0512005e+002  1.6171849e+002  
2.9906427e+002  1.7558089e+002  
2.9203652e+002  1.9105726e+002  
2.8463527e+002  2.0698391e+002  
2.7658569e+002  2.2485390e+002  
2.6797263e+002  2.4382687e+002  
2.5857072e+002  2.6446589e+002  
2.4862562e+002  2.8682235e+002  
2.3763675e+002  3.1125100e+002
3.0276624e+002  1.0868340e+002  
2.9676322e+002  1.1957514e+002  
2.9045471e+002  1.3160988e+002  
2.8368777e+002  1.4402523e+002  
2.7628480e+002  1.5767862e+002  
2.6857950e+002  1.7223544e+002  
2.6033226e+002  1.8783989e+002  
2.5118301e+002  2.0491450e+002  
2.4148265e+002  2.2339448e+002  
2.3107442e+002  2.4339787e+002  
2.1951087e+002  2.6520186e+002  
2.0737556e+002  2.8890994e+002
2.8314710e+002  9.2359415e+001  
2.7647035e+002  1.0317165e+002  
2.6934128e+002  1.1424355e+002  
2.6172001e+002  1.2652494e+002  
2.5366056e+002  1.3930418e+002  
2.4491771e+002  1.5345832e+002  
2.3549040e+002  1.6829220e+002  
2.2546831e+002  1.8499701e+002  
2.1460305e+002  2.0262870e+002  
2.0287657e+002  2.2202173e+002  
1.9017796e+002  2.4295472e+002  
1.7625035e+002  2.6596665e+002
2.6315048e+002  7.6279765e+001  
2.5566500e+002  8.6101157e+001  
2.4777652e+002  9.7142893e+001  
2.3947474e+002  1.0841781e+002  
2.3050792e+002  1.2105071e+002  
2.2104797e+002  1.3428748e+002  
2.1048513e+002  1.4865683e+002  
1.9917175e+002  1.6442370e+002  
1.8725651e+002  1.8157019e+002  
1.7434169e+002  2.0003734e+002  
1.6025287e+002  2.2042327e+002  
1.4500178e+002  2.4260990e+002
2.4306654e+002  5.9773811e+001  
2.3484599e+002  6.9574338e+001  
2.2634683e+002  7.9535951e+001  
2.1711067e+002  9.0775441e+001  
2.0740979e+002  1.0239931e+002  
1.9663662e+002  1.1529196e+002  
1.8551432e+002  1.2877529e+002  
1.7299654e+002  1.4403914e+002  
1.5964796e+002  1.6024689e+002  
1.4560774e+002  1.7809806e+002  
1.3028815e+002  1.9744412e+002  
1.1339108e+002  2.1885748e+002
2.2263555e+002  4.3647468e+001  
2.1395717e+002  5.2470468e+001  
2.0450590e+002  6.2491156e+001  
1.9466946e+002  7.2532110e+001  
1.8377363e+002  8.4025662e+001  
1.7266315e+002  9.5990992e+001  
1.5994350e+002  1.0914810e+002  
1.4657133e+002  1.2321483e+002  
1.3216288e+002  1.3898457e+002  
1.1672582e+002  1.5575190e+002  
9.9752493e+001  1.7440899e+002  
8.1769276e+001  1.9469867e+002