4.9856514e+002  9.3425432e+001  
4.9053060e+002  1.2059953e+002  
4.8310574e+002  1.4673257e+002  
4.7558662e+002  1.7181648e+002  
4.6826143e+002  1.9625851e+002  
4.6115794e+002  2.1968919e+002  
4.5420635e+002  2.4250125e+002  
4.4708893e+002  2.6423293e+002  
4.4048718e+002  2.8498924e+002  
4.3403583e+002  3.0523424e+002  
4.2759310e+002  3.2460985e+002  
4.2167100e+002  3.4298248e+002
4.8085197e+002  9.5210838e+001  
4.7308938e+002  1.2273486e+002  
4.6551752e+002  1.4978209e+002  
4.5818568e+002  1.7566944e+002  
4.5085820e+002  2.0072399e+002  
4.4366706e+002  2.2481375e+002  
4.3702251e+002  2.4803763e+002  
4.2997368e+002  2.7031612e+002  
4.2356359e+002  2.9152581e+002  
4.1712961e+002  3.1213506e+002  
4.1112606e+002  3.3169111e+002  
4.0498474e+002  3.5059195e+002
4.6236439e+002  9.6469099e+001  
4.5448618e+002  1.2552219e+002  
4.4715805e+002  1.5313967e+002  
4.3973624e+002  1.7986580e+002  
4.3254882e+002  2.0546408e+002  
4.2557675e+002  2.3021925e+002  
4.1888583e+002  2.5398753e+002  
4.1229049e+002  2.7661556e+002  
4.0574901e+002  2.9844840e+002  
3.9972783e+002  3.1916886e+002  
3.9361438e+002  3.3918955e+002  
3.8814871e+002  3.5810424e+002
4.4213700e+002  9.8556633e+001  
4.3451502e+002  1.2816708e+002  
4.2741363e+002  1.5673911e+002  
4.2011052e+002  1.8429219e+002  
4.1307323e+002  2.1064526e+002  
4.0602662e+002  2.3586811e+002  
3.9976553e+002  2.6024564e+002  
3.9311579e+002  2.8341633e+002  
3.8708007e+002  3.0550809e+002  
3.8101910e+002  3.2667254e+002  
3.7548652e+002  3.4677070e+002  
3.6968819e+002  3.6629106e+002
4.2079584e+002  1.0048302e+002  
4.1312603e+002  1.3129483e+002  
4.0613334e+002  1.6066345e+002  
3.9913472e+002  1.8904651e+002  
3.9224225e+002  2.1601673e+002  
3.8575758e+002  2.4188489e+002  
3.7930308e+002  2.6678417e+002  
3.7320419e+002  2.9043177e+002  
3.6730385e+002  3.1291163e+002  
3.6169063e+002  3.3442289e+002  
3.5611085e+002  3.5498390e+002  
3.5113822e+002  3.7448280e+002
3.9766577e+002  1.0284430e+002  
3.9035965e+002  1.3446101e+002  
3.8348945e+002  1.6493967e+002  
3.7663893e+002  1.9396145e+002  
3.7029290e+002  2.2181533e+002  
3.6385003e+002  2.4840561e+002  
3.5785583e+002  2.7374562e+002  
3.5180819e+002  2.9784037e+002  
3.4649370e+002  3.2070569e+002  
3.4102802e+002  3.4257839e+002  
3.3605869e+002  3.6339552e+002  
3.3097398e+002  3.8319152e+002
3.7282340e+002  1.0523551e+002  
3.6580703e+002  1.3823686e+002  
3.5921996e+002  1.6947213e+002  
3.5277620e+002  1.9945830e+002  
3.4654226e+002  2.2802437e+002  
3.4080905e+002  2.5518103e+002  
3.3502857e+002  2.8108267e+002  
3.2969027e+002  3.0555846e+002  
3.2438905e+002  3.2894330e+002  
3.1963015e+002  3.5096369e+002  
3.1474090e+002  3.7213650e+002 
3.1041628e+002  3.9194280e+002
3.4622876e+002  1.0828318e+002  
3.3960730e+002  1.4208473e+002  
3.3342513e+002  1.7446297e+002  
3.2739229e+002  2.0522534e+002 
3.2158987e+002  2.3456489e+002  
3.1610616e+002  2.6241007e+002  
3.1113260e+002  2.8877584e+002  
3.0581415e+002  3.1376513e+002  
3.0130980e+002  3.3746524e+002  
2.9669500e+002  3.5985772e+002  
2.9267636e+002  3.8109133e+002  
2.8841791e+002  4.0137166e+002
3.1762846e+002  1.1131322e+002  
3.1140566e+002  1.4649789e+002  
3.0561868e+002  1.7973692e+002  
3.0028078e+002  2.1145295e+002  
2.9498298e+002  2.4147874e+002  
2.9008308e+002  2.6988491e+002  
2.8536896e+002  2.9687114e+002  
2.8101653e+002  3.2232749e+002  
2.7666095e+002  3.4649823e+002  
2.7304555e+002  3.6903353e+002  
2.6914524e+002  3.9072549e+002  
2.6582976e+002  4.1092238e+002
2.8714772e+002  1.1496877e+002  
2.8144775e+002  1.5109086e+002  
2.7633483e+002  1.8550457e+002  
2.7136170e+002  2.1795897e+002  
2.6702339e+002  2.4878574e+002  
2.6255044e+002  2.7783759e+002  
2.5860740e+002  3.0537732e+002  
2.5456500e+002  3.3119839e+002  
2.5130056e+002  3.5557084e+002  
2.4767956e+002  3.7869476e+002  
2.4477304e+002  4.0037253e+002  
2.4173346e+002  4.2088971e+002
2.5388834e+002  1.1884650e+002  
2.4923538e+002  1.5631255e+002  
2.4453855e+002  1.9164059e+002  
2.4060173e+002  2.2502148e+002  
2.3666364e+002  2.5662924e+002  
2.3328514e+002  2.8633684e+002  
2.2991229e+002  3.1433774e+002  
2.2698170e+002  3.4054064e+002  
2.2388657e+002  3.6533506e+002  
2.2164842e+002  3.8852746e+002  
2.1898859e+002  4.1051297e+002  
2.1713139e+002  4.3096340e+002
2.1878711e+002  1.2320992e+002  
2.1486988e+002  1.6182069e+002  
2.1134455e+002  1.9829820e+002  
2.0784590e+002  2.3255867e+002  
2.0523153e+002  2.6468494e+002  
2.0240336e+002  2.9508856e+002  
2.0022721e+002  3.2351341e+002  
1.9766696e+002  3.5019820e+002  
1.9607167e+002  3.7515366e+002  
1.9387196e+002  3.9873493e+002  
1.9255704e+002  4.2070762e+002  
1.9069699e+002  4.4149796e+002
1.8096808e+002  1.2838832e+002  
1.7826579e+002  1.6801161e+002  
1.7559646e+002  2.0543113e+002  
1.7361497e+002  2.4056206e+002  
1.7148167e+002  2.7343319e+002  
1.7010570e+002  3.0432579e+002  
1.6841317e+002  3.3335448e+002  
1.6746385e+002  3.6024799e+002  
1.6613533e+002  3.8555755e+002  
1.6549274e+002  4.0917484e+002  
1.6446330e+002  4.3146931e+002  
1.6399632e+002  4.5233585e+002